main_HW3_Problem_1
*********Solution for Problem 1, Homework 3, Xiongming Dai*******
epsilon = 0.01;  psi = 0.9
i_star =  3
converge at : 73
Optimal policy : 1  1  1  2  2  2  2  2  2  2  2  2  2  2  2  2  2  2  2  2  2  2  2  2  2  2  2  2  2  2  2
Iteration history :
  Columns 1 through 8

   85.5000   40.5000         0  -36.4500  -69.2550  -89.5000  -89.5000  -89.5000
  130.0000   53.0500         0         0         0         0         0         0
   98.0500   13.0000         0         0         0         0         0         0
   79.8705   31.6755         0  -10.0795  -10.0795  -10.0795  -10.0795  -10.0795
  110.1645   41.4760         0  -16.6405  -16.6405  -16.6405  -16.6405  -16.6405
  106.3116   30.8520         0         0         0         0         0         0
   96.1528   30.9320         0   -3.3876   -3.3876   -3.3876   -3.3876   -3.3876
  100.9069   34.5902         0   -8.8723   -8.8723   -8.8723   -8.8723   -8.8723
  108.1045   38.6049         0   -0.5788   -0.5788   -0.5788   -0.5788   -0.5788
  104.0339   31.2395         0   -1.4665   -1.4665   -1.4665   -1.4665   -1.4665
   98.1609   32.3248         0   -4.0446   -4.0446   -4.0446   -4.0446   -4.0446
  102.4504   34.9417         0   -6.7135   -6.7135   -6.7135   -6.7135   -6.7135
  106.4141   36.7174         0   -1.0772   -1.0772   -1.0772   -1.0772   -1.0772
  102.8713   31.7953         0   -2.4321   -2.4321   -2.4321   -2.4321   -2.4321
   99.7197   33.2116         0   -4.2043   -4.2043   -4.2043   -4.2043   -4.2043
  103.1703   34.9307         0   -5.3216   -5.3216   -5.3216   -5.3216   -5.3216
  105.1388   35.5251         0   -1.6216   -1.6216   -1.6216   -1.6216   -1.6216
  102.3623   32.3510         0   -3.0241   -3.0241   -3.0241   -3.0241   -3.0241
  100.8517   33.7369         0   -4.1371   -4.1371   -4.1371   -4.1371   -4.1371
  103.4261   34.7744         0   -4.4591   -4.4591   -4.4591   -4.4591   -4.4591
  104.2353   34.8035         0   -2.1130   -2.1130   -2.1130   -2.1130   -2.1130
  102.2103   32.8303         0   -3.3579   -3.3579   -3.3579   -3.3579   -3.3579
  101.6303   34.0210         0   -3.9897   -3.9897   -3.9897   -3.9897   -3.9897
  103.4429   34.5850         0   -3.9478   -3.9478   -3.9478   -3.9478   -3.9478
  103.6285   34.3879         0   -2.5135   -2.5135   -2.5135   -2.5135   -2.5135
  102.2344   33.2094         0   -3.5249   -3.5249   -3.5249   -3.5249   -3.5249
  102.1400   34.1541         0   -3.8349   -3.8349   -3.8349   -3.8349   -3.8349
  103.3538   34.4137         0   -3.6603   -3.6603   -3.6603   -3.6603   -3.6603
  103.2413   34.1630         0   -2.8186   -2.8186   -2.8186   -2.8186   -2.8186
  102.3302   33.4914         0   -3.5915   -3.5915   -3.5915   -3.5915   -3.5915
  102.4577   34.1994         0   -3.7034   -3.7034   -3.7034   -3.7034   -3.7034
  103.2322   34.2786         0   -3.5095   -3.5095   -3.5095   -3.5095   -3.5095
  103.0071   34.0518         0   -3.0393   -3.0393   -3.0393   -3.0393   -3.0393
  102.4422   33.6912         0   -3.6024   -3.6024   -3.6024   -3.6024   -3.6024
  102.6451   34.1982         0   -3.6038   -3.6038   -3.6038   -3.6038   -3.6038
  103.1147   34.1811         0   -3.4384   -3.4384   -3.4384   -3.4384   -3.4384
  102.8743   34.0047         0   -3.1920   -3.1920   -3.1920   -3.1920   -3.1920
  102.5442   33.8268         0   -3.5863   -3.5863   -3.5863   -3.5863   -3.5863
  102.7483   34.1759         0   -3.5344   -3.5344   -3.5344   -3.5344   -3.5344
  103.0165   34.1155         0   -3.4110   -3.4110   -3.4110   -3.4110   -3.4110
  102.8053   33.9914         0   -3.2937   -3.2937   -3.2937   -3.2937   -3.2937
  102.6263   33.9154         0   -3.5599   -3.5599   -3.5599   -3.5599   -3.5599
  102.7999   34.1471         0   -3.4892   -3.4892   -3.4892   -3.4892   -3.4892
  102.9414   34.0743         0   -3.4058   -3.4058   -3.4058   -3.4058   -3.4058
  102.7741   33.9940         0   -3.3587   -3.3587   -3.3587   -3.3587   -3.3587
  102.6875   33.9709         0   -3.5324   -3.5324   -3.5324   -3.5324   -3.5324
  102.8215   34.1193         0   -3.4619   -3.4619   -3.4619   -3.4619   -3.4619
  102.8874   34.0502         0   -3.4104   -3.4104   -3.4104   -3.4104   -3.4104
  102.7641   34.0026         0   -3.3987   -3.3987   -3.3987   -3.3987   -3.3987
  102.7304   34.0042         0   -3.5081   -3.5081   -3.5081   -3.5081   -3.5081
  102.8270   34.0958         0   -3.4468   -3.4468   -3.4468   -3.4468   -3.4468
  102.8506   34.0375         0   -3.4182   -3.4182   -3.4182   -3.4182   -3.4182
  102.7646   34.0122         0   -3.4223   -3.4223   -3.4223   -3.4223   -3.4223
  102.7589   34.0232         0   -3.4886   -3.4886   -3.4886   -3.4886   -3.4886
  102.8248   34.0775         0   -3.4394   -3.4394   -3.4394   -3.4394   -3.4394
  102.8267   34.0317         0   -3.4259   -3.4259   -3.4259   -3.4259   -3.4259
  102.7697   34.0206         0   -3.4353   -3.4353   -3.4353   -3.4353   -3.4353
  102.7770   34.0333         0   -3.4740   -3.4740   -3.4740   -3.4740   -3.4740
  102.8196   34.0640         0   -3.4367   -3.4367   -3.4367   -3.4367   -3.4367
  102.8120   34.0300         0   -3.4324   -3.4324   -3.4324   -3.4324   -3.4324
  102.7759   34.0271         0   -3.4421   -3.4421   -3.4421   -3.4421   -3.4421
  102.7878   34.0382         0   -3.4634   -3.4634   -3.4634   -3.4634   -3.4634
  102.8140   34.0545         0   -3.4365   -3.4365   -3.4365   -3.4365   -3.4365
  102.8034   34.0303         0   -3.4371   -3.4371   -3.4371   -3.4371   -3.4371
  102.7817   34.0318         0   -3.4452   -3.4452   -3.4452   -3.4452   -3.4452
  102.7938   34.0402         0   -3.4562   -3.4562   -3.4562   -3.4562   -3.4562
  102.8089   34.0481         0   -3.4375   -3.4375   -3.4375   -3.4375   -3.4375
  102.7987   34.0316         0   -3.4404   -3.4404   -3.4404   -3.4404   -3.4404
  102.7865   34.0348         0   -3.4463   -3.4463   -3.4463   -3.4463   -3.4463
  102.7969   34.0407         0   -3.4514   -3.4514   -3.4514   -3.4514   -3.4514
  102.8049   34.0439         0   -3.4389   -3.4389   -3.4389   -3.4389   -3.4389
  102.7965   34.0330         0   -3.4425   -3.4425   -3.4425   -3.4425   -3.4425
  102.7901   34.0368         0   -3.4464   -3.4464   -3.4464   -3.4464   -3.4464

  Columns 9 through 16

  -89.5000  -89.5000  -89.5000  -89.5000  -89.5000  -89.5000  -89.5000  -89.5000
         0         0         0         0         0         0         0         0
         0         0         0         0         0         0         0         0
  -10.0795  -10.0795  -10.0795  -10.0795  -10.0795  -10.0795  -10.0795  -10.0795
  -16.6405  -16.6405  -16.6405  -16.6405  -16.6405  -16.6405  -16.6405  -16.6405
         0         0         0         0         0         0         0         0
   -3.3876   -3.3876   -3.3876   -3.3876   -3.3876   -3.3876   -3.3876   -3.3876
   -8.8723   -8.8723   -8.8723   -8.8723   -8.8723   -8.8723   -8.8723   -8.8723
   -0.5788   -0.5788   -0.5788   -0.5788   -0.5788   -0.5788   -0.5788   -0.5788
   -1.4665   -1.4665   -1.4665   -1.4665   -1.4665   -1.4665   -1.4665   -1.4665
   -4.0446   -4.0446   -4.0446   -4.0446   -4.0446   -4.0446   -4.0446   -4.0446
   -6.7135   -6.7135   -6.7135   -6.7135   -6.7135   -6.7135   -6.7135   -6.7135
   -1.0772   -1.0772   -1.0772   -1.0772   -1.0772   -1.0772   -1.0772   -1.0772
   -2.4321   -2.4321   -2.4321   -2.4321   -2.4321   -2.4321   -2.4321   -2.4321
   -4.2043   -4.2043   -4.2043   -4.2043   -4.2043   -4.2043   -4.2043   -4.2043
   -5.3216   -5.3216   -5.3216   -5.3216   -5.3216   -5.3216   -5.3216   -5.3216
   -1.6216   -1.6216   -1.6216   -1.6216   -1.6216   -1.6216   -1.6216   -1.6216
   -3.0241   -3.0241   -3.0241   -3.0241   -3.0241   -3.0241   -3.0241   -3.0241
   -4.1371   -4.1371   -4.1371   -4.1371   -4.1371   -4.1371   -4.1371   -4.1371
   -4.4591   -4.4591   -4.4591   -4.4591   -4.4591   -4.4591   -4.4591   -4.4591
   -2.1130   -2.1130   -2.1130   -2.1130   -2.1130   -2.1130   -2.1130   -2.1130
   -3.3579   -3.3579   -3.3579   -3.3579   -3.3579   -3.3579   -3.3579   -3.3579
   -3.9897   -3.9897   -3.9897   -3.9897   -3.9897   -3.9897   -3.9897   -3.9897
   -3.9478   -3.9478   -3.9478   -3.9478   -3.9478   -3.9478   -3.9478   -3.9478
   -2.5135   -2.5135   -2.5135   -2.5135   -2.5135   -2.5135   -2.5135   -2.5135
   -3.5249   -3.5249   -3.5249   -3.5249   -3.5249   -3.5249   -3.5249   -3.5249
   -3.8349   -3.8349   -3.8349   -3.8349   -3.8349   -3.8349   -3.8349   -3.8349
   -3.6603   -3.6603   -3.6603   -3.6603   -3.6603   -3.6603   -3.6603   -3.6603
   -2.8186   -2.8186   -2.8186   -2.8186   -2.8186   -2.8186   -2.8186   -2.8186
   -3.5915   -3.5915   -3.5915   -3.5915   -3.5915   -3.5915   -3.5915   -3.5915
   -3.7034   -3.7034   -3.7034   -3.7034   -3.7034   -3.7034   -3.7034   -3.7034
   -3.5095   -3.5095   -3.5095   -3.5095   -3.5095   -3.5095   -3.5095   -3.5095
   -3.0393   -3.0393   -3.0393   -3.0393   -3.0393   -3.0393   -3.0393   -3.0393
   -3.6024   -3.6024   -3.6024   -3.6024   -3.6024   -3.6024   -3.6024   -3.6024
   -3.6038   -3.6038   -3.6038   -3.6038   -3.6038   -3.6038   -3.6038   -3.6038
   -3.4384   -3.4384   -3.4384   -3.4384   -3.4384   -3.4384   -3.4384   -3.4384
   -3.1920   -3.1920   -3.1920   -3.1920   -3.1920   -3.1920   -3.1920   -3.1920
   -3.5863   -3.5863   -3.5863   -3.5863   -3.5863   -3.5863   -3.5863   -3.5863
   -3.5344   -3.5344   -3.5344   -3.5344   -3.5344   -3.5344   -3.5344   -3.5344
   -3.4110   -3.4110   -3.4110   -3.4110   -3.4110   -3.4110   -3.4110   -3.4110
   -3.2937   -3.2937   -3.2937   -3.2937   -3.2937   -3.2937   -3.2937   -3.2937
   -3.5599   -3.5599   -3.5599   -3.5599   -3.5599   -3.5599   -3.5599   -3.5599
   -3.4892   -3.4892   -3.4892   -3.4892   -3.4892   -3.4892   -3.4892   -3.4892
   -3.4058   -3.4058   -3.4058   -3.4058   -3.4058   -3.4058   -3.4058   -3.4058
   -3.3587   -3.3587   -3.3587   -3.3587   -3.3587   -3.3587   -3.3587   -3.3587
   -3.5324   -3.5324   -3.5324   -3.5324   -3.5324   -3.5324   -3.5324   -3.5324
   -3.4619   -3.4619   -3.4619   -3.4619   -3.4619   -3.4619   -3.4619   -3.4619
   -3.4104   -3.4104   -3.4104   -3.4104   -3.4104   -3.4104   -3.4104   -3.4104
   -3.3987   -3.3987   -3.3987   -3.3987   -3.3987   -3.3987   -3.3987   -3.3987
   -3.5081   -3.5081   -3.5081   -3.5081   -3.5081   -3.5081   -3.5081   -3.5081
   -3.4468   -3.4468   -3.4468   -3.4468   -3.4468   -3.4468   -3.4468   -3.4468
   -3.4182   -3.4182   -3.4182   -3.4182   -3.4182   -3.4182   -3.4182   -3.4182
   -3.4223   -3.4223   -3.4223   -3.4223   -3.4223   -3.4223   -3.4223   -3.4223
   -3.4886   -3.4886   -3.4886   -3.4886   -3.4886   -3.4886   -3.4886   -3.4886
   -3.4394   -3.4394   -3.4394   -3.4394   -3.4394   -3.4394   -3.4394   -3.4394
   -3.4259   -3.4259   -3.4259   -3.4259   -3.4259   -3.4259   -3.4259   -3.4259
   -3.4353   -3.4353   -3.4353   -3.4353   -3.4353   -3.4353   -3.4353   -3.4353
   -3.4740   -3.4740   -3.4740   -3.4740   -3.4740   -3.4740   -3.4740   -3.4740
   -3.4367   -3.4367   -3.4367   -3.4367   -3.4367   -3.4367   -3.4367   -3.4367
   -3.4324   -3.4324   -3.4324   -3.4324   -3.4324   -3.4324   -3.4324   -3.4324
   -3.4421   -3.4421   -3.4421   -3.4421   -3.4421   -3.4421   -3.4421   -3.4421
   -3.4634   -3.4634   -3.4634   -3.4634   -3.4634   -3.4634   -3.4634   -3.4634
   -3.4365   -3.4365   -3.4365   -3.4365   -3.4365   -3.4365   -3.4365   -3.4365
   -3.4371   -3.4371   -3.4371   -3.4371   -3.4371   -3.4371   -3.4371   -3.4371
   -3.4452   -3.4452   -3.4452   -3.4452   -3.4452   -3.4452   -3.4452   -3.4452
   -3.4562   -3.4562   -3.4562   -3.4562   -3.4562   -3.4562   -3.4562   -3.4562
   -3.4375   -3.4375   -3.4375   -3.4375   -3.4375   -3.4375   -3.4375   -3.4375
   -3.4404   -3.4404   -3.4404   -3.4404   -3.4404   -3.4404   -3.4404   -3.4404
   -3.4463   -3.4463   -3.4463   -3.4463   -3.4463   -3.4463   -3.4463   -3.4463
   -3.4514   -3.4514   -3.4514   -3.4514   -3.4514   -3.4514   -3.4514   -3.4514
   -3.4389   -3.4389   -3.4389   -3.4389   -3.4389   -3.4389   -3.4389   -3.4389
   -3.4425   -3.4425   -3.4425   -3.4425   -3.4425   -3.4425   -3.4425   -3.4425
   -3.4464   -3.4464   -3.4464   -3.4464   -3.4464   -3.4464   -3.4464   -3.4464

  Columns 17 through 24

  -89.5000  -89.5000  -89.5000  -89.5000  -89.5000  -89.5000  -89.5000  -89.5000
         0         0         0         0         0         0         0         0
         0         0         0         0         0         0         0         0
  -10.0795  -10.0795  -10.0795  -10.0795  -10.0795  -10.0795  -10.0795  -10.0795
  -16.6405  -16.6405  -16.6405  -16.6405  -16.6405  -16.6405  -16.6405  -16.6405
         0         0         0         0         0         0         0         0
   -3.3876   -3.3876   -3.3876   -3.3876   -3.3876   -3.3876   -3.3876   -3.3876
   -8.8723   -8.8723   -8.8723   -8.8723   -8.8723   -8.8723   -8.8723   -8.8723
   -0.5788   -0.5788   -0.5788   -0.5788   -0.5788   -0.5788   -0.5788   -0.5788
   -1.4665   -1.4665   -1.4665   -1.4665   -1.4665   -1.4665   -1.4665   -1.4665
   -4.0446   -4.0446   -4.0446   -4.0446   -4.0446   -4.0446   -4.0446   -4.0446
   -6.7135   -6.7135   -6.7135   -6.7135   -6.7135   -6.7135   -6.7135   -6.7135
   -1.0772   -1.0772   -1.0772   -1.0772   -1.0772   -1.0772   -1.0772   -1.0772
   -2.4321   -2.4321   -2.4321   -2.4321   -2.4321   -2.4321   -2.4321   -2.4321
   -4.2043   -4.2043   -4.2043   -4.2043   -4.2043   -4.2043   -4.2043   -4.2043
   -5.3216   -5.3216   -5.3216   -5.3216   -5.3216   -5.3216   -5.3216   -5.3216
   -1.6216   -1.6216   -1.6216   -1.6216   -1.6216   -1.6216   -1.6216   -1.6216
   -3.0241   -3.0241   -3.0241   -3.0241   -3.0241   -3.0241   -3.0241   -3.0241
   -4.1371   -4.1371   -4.1371   -4.1371   -4.1371   -4.1371   -4.1371   -4.1371
   -4.4591   -4.4591   -4.4591   -4.4591   -4.4591   -4.4591   -4.4591   -4.4591
   -2.1130   -2.1130   -2.1130   -2.1130   -2.1130   -2.1130   -2.1130   -2.1130
   -3.3579   -3.3579   -3.3579   -3.3579   -3.3579   -3.3579   -3.3579   -3.3579
   -3.9897   -3.9897   -3.9897   -3.9897   -3.9897   -3.9897   -3.9897   -3.9897
   -3.9478   -3.9478   -3.9478   -3.9478   -3.9478   -3.9478   -3.9478   -3.9478
   -2.5135   -2.5135   -2.5135   -2.5135   -2.5135   -2.5135   -2.5135   -2.5135
   -3.5249   -3.5249   -3.5249   -3.5249   -3.5249   -3.5249   -3.5249   -3.5249
   -3.8349   -3.8349   -3.8349   -3.8349   -3.8349   -3.8349   -3.8349   -3.8349
   -3.6603   -3.6603   -3.6603   -3.6603   -3.6603   -3.6603   -3.6603   -3.6603
   -2.8186   -2.8186   -2.8186   -2.8186   -2.8186   -2.8186   -2.8186   -2.8186
   -3.5915   -3.5915   -3.5915   -3.5915   -3.5915   -3.5915   -3.5915   -3.5915
   -3.7034   -3.7034   -3.7034   -3.7034   -3.7034   -3.7034   -3.7034   -3.7034
   -3.5095   -3.5095   -3.5095   -3.5095   -3.5095   -3.5095   -3.5095   -3.5095
   -3.0393   -3.0393   -3.0393   -3.0393   -3.0393   -3.0393   -3.0393   -3.0393
   -3.6024   -3.6024   -3.6024   -3.6024   -3.6024   -3.6024   -3.6024   -3.6024
   -3.6038   -3.6038   -3.6038   -3.6038   -3.6038   -3.6038   -3.6038   -3.6038
   -3.4384   -3.4384   -3.4384   -3.4384   -3.4384   -3.4384   -3.4384   -3.4384
   -3.1920   -3.1920   -3.1920   -3.1920   -3.1920   -3.1920   -3.1920   -3.1920
   -3.5863   -3.5863   -3.5863   -3.5863   -3.5863   -3.5863   -3.5863   -3.5863
   -3.5344   -3.5344   -3.5344   -3.5344   -3.5344   -3.5344   -3.5344   -3.5344
   -3.4110   -3.4110   -3.4110   -3.4110   -3.4110   -3.4110   -3.4110   -3.4110
   -3.2937   -3.2937   -3.2937   -3.2937   -3.2937   -3.2937   -3.2937   -3.2937
   -3.5599   -3.5599   -3.5599   -3.5599   -3.5599   -3.5599   -3.5599   -3.5599
   -3.4892   -3.4892   -3.4892   -3.4892   -3.4892   -3.4892   -3.4892   -3.4892
   -3.4058   -3.4058   -3.4058   -3.4058   -3.4058   -3.4058   -3.4058   -3.4058
   -3.3587   -3.3587   -3.3587   -3.3587   -3.3587   -3.3587   -3.3587   -3.3587
   -3.5324   -3.5324   -3.5324   -3.5324   -3.5324   -3.5324   -3.5324   -3.5324
   -3.4619   -3.4619   -3.4619   -3.4619   -3.4619   -3.4619   -3.4619   -3.4619
   -3.4104   -3.4104   -3.4104   -3.4104   -3.4104   -3.4104   -3.4104   -3.4104
   -3.3987   -3.3987   -3.3987   -3.3987   -3.3987   -3.3987   -3.3987   -3.3987
   -3.5081   -3.5081   -3.5081   -3.5081   -3.5081   -3.5081   -3.5081   -3.5081
   -3.4468   -3.4468   -3.4468   -3.4468   -3.4468   -3.4468   -3.4468   -3.4468
   -3.4182   -3.4182   -3.4182   -3.4182   -3.4182   -3.4182   -3.4182   -3.4182
   -3.4223   -3.4223   -3.4223   -3.4223   -3.4223   -3.4223   -3.4223   -3.4223
   -3.4886   -3.4886   -3.4886   -3.4886   -3.4886   -3.4886   -3.4886   -3.4886
   -3.4394   -3.4394   -3.4394   -3.4394   -3.4394   -3.4394   -3.4394   -3.4394
   -3.4259   -3.4259   -3.4259   -3.4259   -3.4259   -3.4259   -3.4259   -3.4259
   -3.4353   -3.4353   -3.4353   -3.4353   -3.4353   -3.4353   -3.4353   -3.4353
   -3.4740   -3.4740   -3.4740   -3.4740   -3.4740   -3.4740   -3.4740   -3.4740
   -3.4367   -3.4367   -3.4367   -3.4367   -3.4367   -3.4367   -3.4367   -3.4367
   -3.4324   -3.4324   -3.4324   -3.4324   -3.4324   -3.4324   -3.4324   -3.4324
   -3.4421   -3.4421   -3.4421   -3.4421   -3.4421   -3.4421   -3.4421   -3.4421
   -3.4634   -3.4634   -3.4634   -3.4634   -3.4634   -3.4634   -3.4634   -3.4634
   -3.4365   -3.4365   -3.4365   -3.4365   -3.4365   -3.4365   -3.4365   -3.4365
   -3.4371   -3.4371   -3.4371   -3.4371   -3.4371   -3.4371   -3.4371   -3.4371
   -3.4452   -3.4452   -3.4452   -3.4452   -3.4452   -3.4452   -3.4452   -3.4452
   -3.4562   -3.4562   -3.4562   -3.4562   -3.4562   -3.4562   -3.4562   -3.4562
   -3.4375   -3.4375   -3.4375   -3.4375   -3.4375   -3.4375   -3.4375   -3.4375
   -3.4404   -3.4404   -3.4404   -3.4404   -3.4404   -3.4404   -3.4404   -3.4404
   -3.4463   -3.4463   -3.4463   -3.4463   -3.4463   -3.4463   -3.4463   -3.4463
   -3.4514   -3.4514   -3.4514   -3.4514   -3.4514   -3.4514   -3.4514   -3.4514
   -3.4389   -3.4389   -3.4389   -3.4389   -3.4389   -3.4389   -3.4389   -3.4389
   -3.4425   -3.4425   -3.4425   -3.4425   -3.4425   -3.4425   -3.4425   -3.4425
   -3.4464   -3.4464   -3.4464   -3.4464   -3.4464   -3.4464   -3.4464   -3.4464

  Columns 25 through 31

  -89.5000  -89.5000  -89.5000  -89.5000  -89.5000  -89.5000  -89.5000
         0         0         0         0         0         0         0
         0         0         0         0         0         0         0
  -10.0795  -10.0795  -10.0795  -10.0795  -10.0795  -10.0795  -10.0795
  -16.6405  -16.6405  -16.6405  -16.6405  -16.6405  -16.6405  -16.6405
         0         0         0         0         0         0         0
   -3.3876   -3.3876   -3.3876   -3.3876   -3.3876   -3.3876   -3.3876
   -8.8723   -8.8723   -8.8723   -8.8723   -8.8723   -8.8723   -8.8723
   -0.5788   -0.5788   -0.5788   -0.5788   -0.5788   -0.5788   -0.5788
   -1.4665   -1.4665   -1.4665   -1.4665   -1.4665   -1.4665   -1.4665
   -4.0446   -4.0446   -4.0446   -4.0446   -4.0446   -4.0446   -4.0446
   -6.7135   -6.7135   -6.7135   -6.7135   -6.7135   -6.7135   -6.7135
   -1.0772   -1.0772   -1.0772   -1.0772   -1.0772   -1.0772   -1.0772
   -2.4321   -2.4321   -2.4321   -2.4321   -2.4321   -2.4321   -2.4321
   -4.2043   -4.2043   -4.2043   -4.2043   -4.2043   -4.2043   -4.2043
   -5.3216   -5.3216   -5.3216   -5.3216   -5.3216   -5.3216   -5.3216
   -1.6216   -1.6216   -1.6216   -1.6216   -1.6216   -1.6216   -1.6216
   -3.0241   -3.0241   -3.0241   -3.0241   -3.0241   -3.0241   -3.0241
   -4.1371   -4.1371   -4.1371   -4.1371   -4.1371   -4.1371   -4.1371
   -4.4591   -4.4591   -4.4591   -4.4591   -4.4591   -4.4591   -4.4591
   -2.1130   -2.1130   -2.1130   -2.1130   -2.1130   -2.1130   -2.1130
   -3.3579   -3.3579   -3.3579   -3.3579   -3.3579   -3.3579   -3.3579
   -3.9897   -3.9897   -3.9897   -3.9897   -3.9897   -3.9897   -3.9897
   -3.9478   -3.9478   -3.9478   -3.9478   -3.9478   -3.9478   -3.9478
   -2.5135   -2.5135   -2.5135   -2.5135   -2.5135   -2.5135   -2.5135
   -3.5249   -3.5249   -3.5249   -3.5249   -3.5249   -3.5249   -3.5249
   -3.8349   -3.8349   -3.8349   -3.8349   -3.8349   -3.8349   -3.8349
   -3.6603   -3.6603   -3.6603   -3.6603   -3.6603   -3.6603   -3.6603
   -2.8186   -2.8186   -2.8186   -2.8186   -2.8186   -2.8186   -2.8186
   -3.5915   -3.5915   -3.5915   -3.5915   -3.5915   -3.5915   -3.5915
   -3.7034   -3.7034   -3.7034   -3.7034   -3.7034   -3.7034   -3.7034
   -3.5095   -3.5095   -3.5095   -3.5095   -3.5095   -3.5095   -3.5095
   -3.0393   -3.0393   -3.0393   -3.0393   -3.0393   -3.0393   -3.0393
   -3.6024   -3.6024   -3.6024   -3.6024   -3.6024   -3.6024   -3.6024
   -3.6038   -3.6038   -3.6038   -3.6038   -3.6038   -3.6038   -3.6038
   -3.4384   -3.4384   -3.4384   -3.4384   -3.4384   -3.4384   -3.4384
   -3.1920   -3.1920   -3.1920   -3.1920   -3.1920   -3.1920   -3.1920
   -3.5863   -3.5863   -3.5863   -3.5863   -3.5863   -3.5863   -3.5863
   -3.5344   -3.5344   -3.5344   -3.5344   -3.5344   -3.5344   -3.5344
   -3.4110   -3.4110   -3.4110   -3.4110   -3.4110   -3.4110   -3.4110
   -3.2937   -3.2937   -3.2937   -3.2937   -3.2937   -3.2937   -3.2937
   -3.5599   -3.5599   -3.5599   -3.5599   -3.5599   -3.5599   -3.5599
   -3.4892   -3.4892   -3.4892   -3.4892   -3.4892   -3.4892   -3.4892
   -3.4058   -3.4058   -3.4058   -3.4058   -3.4058   -3.4058   -3.4058
   -3.3587   -3.3587   -3.3587   -3.3587   -3.3587   -3.3587   -3.3587
   -3.5324   -3.5324   -3.5324   -3.5324   -3.5324   -3.5324   -3.5324
   -3.4619   -3.4619   -3.4619   -3.4619   -3.4619   -3.4619   -3.4619
   -3.4104   -3.4104   -3.4104   -3.4104   -3.4104   -3.4104   -3.4104
   -3.3987   -3.3987   -3.3987   -3.3987   -3.3987   -3.3987   -3.3987
   -3.5081   -3.5081   -3.5081   -3.5081   -3.5081   -3.5081   -3.5081
   -3.4468   -3.4468   -3.4468   -3.4468   -3.4468   -3.4468   -3.4468
   -3.4182   -3.4182   -3.4182   -3.4182   -3.4182   -3.4182   -3.4182
   -3.4223   -3.4223   -3.4223   -3.4223   -3.4223   -3.4223   -3.4223
   -3.4886   -3.4886   -3.4886   -3.4886   -3.4886   -3.4886   -3.4886
   -3.4394   -3.4394   -3.4394   -3.4394   -3.4394   -3.4394   -3.4394
   -3.4259   -3.4259   -3.4259   -3.4259   -3.4259   -3.4259   -3.4259
   -3.4353   -3.4353   -3.4353   -3.4353   -3.4353   -3.4353   -3.4353
   -3.4740   -3.4740   -3.4740   -3.4740   -3.4740   -3.4740   -3.4740
   -3.4367   -3.4367   -3.4367   -3.4367   -3.4367   -3.4367   -3.4367
   -3.4324   -3.4324   -3.4324   -3.4324   -3.4324   -3.4324   -3.4324
   -3.4421   -3.4421   -3.4421   -3.4421   -3.4421   -3.4421   -3.4421
   -3.4634   -3.4634   -3.4634   -3.4634   -3.4634   -3.4634   -3.4634
   -3.4365   -3.4365   -3.4365   -3.4365   -3.4365   -3.4365   -3.4365
   -3.4371   -3.4371   -3.4371   -3.4371   -3.4371   -3.4371   -3.4371
   -3.4452   -3.4452   -3.4452   -3.4452   -3.4452   -3.4452   -3.4452
   -3.4562   -3.4562   -3.4562   -3.4562   -3.4562   -3.4562   -3.4562
   -3.4375   -3.4375   -3.4375   -3.4375   -3.4375   -3.4375   -3.4375
   -3.4404   -3.4404   -3.4404   -3.4404   -3.4404   -3.4404   -3.4404
   -3.4463   -3.4463   -3.4463   -3.4463   -3.4463   -3.4463   -3.4463
   -3.4514   -3.4514   -3.4514   -3.4514   -3.4514   -3.4514   -3.4514
   -3.4389   -3.4389   -3.4389   -3.4389   -3.4389   -3.4389   -3.4389
   -3.4425   -3.4425   -3.4425   -3.4425   -3.4425   -3.4425   -3.4425
   -3.4464   -3.4464   -3.4464   -3.4464   -3.4464   -3.4464   -3.4464

J-value : 
  Columns 1 through 8

         0  -45.0000  -85.5000 -121.9500 -154.7550 -175.0000 -175.0000 -175.0000
   40.5000  -36.4500  -89.5000  -89.5000  -89.5000  -89.5000  -89.5000  -89.5000
   53.0500  -32.0000  -45.0000  -45.0000  -45.0000  -45.0000  -45.0000  -45.0000
   13.0000  -35.1950  -66.8705  -76.9500  -76.9500  -76.9500  -76.9500  -76.9500
   31.6755  -37.0129  -78.4890  -95.1295  -95.1295  -95.1295  -95.1295  -95.1295
   41.4760  -33.9836  -64.8355  -64.8355  -64.8355  -64.8355  -64.8355  -64.8355
   30.8520  -34.3688  -65.3008  -68.6884  -68.6884  -68.6884  -68.6884  -68.6884
   30.9320  -35.3847  -69.9750  -78.8472  -78.8472  -78.8472  -78.8472  -78.8472
   34.5902  -34.9093  -73.5142  -74.0931  -74.0931  -74.0931  -74.0931  -74.0931
   38.6049  -34.1896  -65.4290  -66.8955  -66.8955  -66.8955  -66.8955  -66.8955
   31.2395  -34.5966  -66.9214  -70.9661  -70.9661  -70.9661  -70.9661  -70.9661
   32.3248  -35.1839  -70.1256  -76.8391  -76.8391  -76.8391  -76.8391  -76.8391
   34.9417  -34.7550  -71.4724  -72.5496  -72.5496  -72.5496  -72.5496  -72.5496
   36.7174  -34.3586  -66.1539  -68.5859  -68.5859  -68.5859  -68.5859  -68.5859
   31.7953  -34.7129  -67.9244  -72.1287  -72.1287  -72.1287  -72.1287  -72.1287
   33.2116  -35.0280  -69.9587  -75.2803  -75.2803  -75.2803  -75.2803  -75.2803
   34.9307  -34.6830  -70.2081  -71.8297  -71.8297  -71.8297  -71.8297  -71.8297
   35.5251  -34.4861  -66.8371  -69.8612  -69.8612  -69.8612  -69.8612  -69.8612
   32.3510  -34.7638  -68.5007  -72.6377  -72.6377  -72.6377  -72.6377  -72.6377
   33.7369  -34.9148  -69.6892  -74.1483  -74.1483  -74.1483  -74.1483  -74.1483
   34.7744  -34.6574  -69.4609  -71.5739  -71.5739  -71.5739  -71.5739  -71.5739
   34.8035  -34.5765  -67.4068  -70.7647  -70.7647  -70.7647  -70.7647  -70.7647
   32.8303  -34.7790  -68.7999  -72.7897  -72.7897  -72.7897  -72.7897  -72.7897
   34.0210  -34.8370  -69.4219  -73.3697  -73.3697  -73.3697  -73.3697  -73.3697
   34.5850  -34.6557  -69.0436  -71.5571  -71.5571  -71.5571  -71.5571  -71.5571
   34.3879  -34.6371  -67.8465  -71.3715  -71.3715  -71.3715  -71.3715  -71.3715
   33.2094  -34.7766  -68.9307  -72.7656  -72.7656  -72.7656  -72.7656  -72.7656
   34.1541  -34.7860  -69.1997  -72.8600  -72.8600  -72.8600  -72.8600  -72.8600
   34.4137  -34.6646  -68.8276  -71.6462  -71.6462  -71.6462  -71.6462  -71.6462
   34.1630  -34.6759  -68.1672  -71.7587  -71.7587  -71.7587  -71.7587  -71.7587
   33.4914  -34.7670  -68.9664  -72.6698  -72.6698  -72.6698  -72.6698  -72.6698
   34.1994  -34.7542  -69.0328  -72.5423  -72.5423  -72.5423  -72.5423  -72.5423
   34.2786  -34.6768  -68.7285  -71.7678  -71.7678  -71.7678  -71.7678  -71.7678
   34.0518  -34.6993  -68.3904  -71.9929  -71.9929  -71.9929  -71.9929  -71.9929
   33.6912  -34.7558  -68.9539  -72.5578  -72.5578  -72.5578  -72.5578  -72.5578
   34.1982  -34.7355  -68.9165  -72.3549  -72.3549  -72.3549  -72.3549  -72.3549
   34.1811  -34.6885  -68.6933  -71.8853  -71.8853  -71.8853  -71.8853  -71.8853
   34.0047  -34.7126  -68.5394  -72.1257  -72.1257  -72.1257  -72.1257  -72.1257
   33.8268  -34.7456  -68.9215  -72.4558  -72.4558  -72.4558  -72.4558  -72.4558
   34.1759  -34.7252  -68.8407  -72.2517  -72.2517  -72.2517  -72.2517  -72.2517
   34.1155  -34.6983  -68.6898  -71.9835  -71.9835  -71.9835  -71.9835  -71.9835
   33.9914  -34.7195  -68.6349  -72.1947  -72.1947  -72.1947  -72.1947  -72.1947
   33.9154  -34.7374  -68.8845  -72.3737  -72.3737  -72.3737  -72.3737  -72.3737
   34.1471  -34.7200  -68.7943  -72.2001  -72.2001  -72.2001  -72.2001  -72.2001
   34.0743  -34.7059  -68.6999  -72.0586  -72.0586  -72.0586  -72.0586  -72.0586
   33.9940  -34.7226  -68.6935  -72.2259  -72.2259  -72.2259  -72.2259  -72.2259
   33.9709  -34.7313  -68.8506  -72.3125  -72.3125  -72.3125  -72.3125  -72.3125
   34.1193  -34.7178  -68.7681  -72.1785  -72.1785  -72.1785  -72.1785  -72.1785
   34.0502  -34.7113  -68.7138  -72.1126  -72.1126  -72.1126  -72.1126  -72.1126
   34.0026  -34.7236  -68.7278  -72.2359  -72.2359  -72.2359  -72.2359  -72.2359
   34.0042  -34.7270  -68.8228  -72.2696  -72.2696  -72.2696  -72.2696  -72.2696
   34.0958  -34.7173  -68.7548  -72.1730  -72.1730  -72.1730  -72.1730  -72.1730
   34.0375  -34.7149  -68.7271  -72.1494  -72.1494  -72.1494  -72.1494  -72.1494
   34.0122  -34.7235  -68.7468  -72.2354  -72.2354  -72.2354  -72.2354  -72.2354
   34.0232  -34.7241  -68.8016  -72.2411  -72.2411  -72.2411  -72.2411  -72.2411
   34.0775  -34.7175  -68.7492  -72.1752  -72.1752  -72.1752  -72.1752  -72.1752
   34.0317  -34.7173  -68.7379  -72.1733  -72.1733  -72.1733  -72.1733  -72.1733
   34.0206  -34.7230  -68.7564  -72.2303  -72.2303  -72.2303  -72.2303  -72.2303
   34.0333  -34.7223  -68.7863  -72.2230  -72.2230  -72.2230  -72.2230  -72.2230
   34.0640  -34.7180  -68.7480  -72.1804  -72.1804  -72.1804  -72.1804  -72.1804
   34.0300  -34.7188  -68.7459  -72.1880  -72.1880  -72.1880  -72.1880  -72.1880
   34.0271  -34.7224  -68.7607  -72.2241  -72.2241  -72.2241  -72.2241  -72.2241
   34.0382  -34.7212  -68.7757  -72.2122  -72.2122  -72.2122  -72.2122  -72.2122
   34.0545  -34.7186  -68.7489  -72.1860  -72.1860  -72.1860  -72.1860  -72.1860
   34.0303  -34.7197  -68.7514  -72.1966  -72.1966  -72.1966  -72.1966  -72.1966
   34.0318  -34.7218  -68.7621  -72.2183  -72.2183  -72.2183  -72.2183  -72.2183
   34.0402  -34.7206  -68.7687  -72.2062  -72.2062  -72.2062  -72.2062  -72.2062
   34.0481  -34.7191  -68.7507  -72.1911  -72.1911  -72.1911  -72.1911  -72.1911
   34.0316  -34.7201  -68.7550  -72.2013  -72.2013  -72.2013  -72.2013  -72.2013
   34.0348  -34.7213  -68.7621  -72.2135  -72.2135  -72.2135  -72.2135  -72.2135
   34.0407  -34.7203  -68.7642  -72.2031  -72.2031  -72.2031  -72.2031  -72.2031
   34.0439  -34.7195  -68.7525  -72.1951  -72.1951  -72.1951  -72.1951  -72.1951
   34.0330  -34.7204  -68.7571  -72.2035  -72.2035  -72.2035  -72.2035  -72.2035

  Columns 9 through 16

 -175.0000 -175.0000 -175.0000 -175.0000 -175.0000 -175.0000 -175.0000 -175.0000
  -89.5000  -89.5000  -89.5000  -89.5000  -89.5000  -89.5000  -89.5000  -89.5000
  -45.0000  -45.0000  -45.0000  -45.0000  -45.0000  -45.0000  -45.0000  -45.0000
  -76.9500  -76.9500  -76.9500  -76.9500  -76.9500  -76.9500  -76.9500  -76.9500
  -95.1295  -95.1295  -95.1295  -95.1295  -95.1295  -95.1295  -95.1295  -95.1295
  -64.8355  -64.8355  -64.8355  -64.8355  -64.8355  -64.8355  -64.8355  -64.8355
  -68.6884  -68.6884  -68.6884  -68.6884  -68.6884  -68.6884  -68.6884  -68.6884
  -78.8472  -78.8472  -78.8472  -78.8472  -78.8472  -78.8472  -78.8472  -78.8472
  -74.0931  -74.0931  -74.0931  -74.0931  -74.0931  -74.0931  -74.0931  -74.0931
  -66.8955  -66.8955  -66.8955  -66.8955  -66.8955  -66.8955  -66.8955  -66.8955
  -70.9661  -70.9661  -70.9661  -70.9661  -70.9661  -70.9661  -70.9661  -70.9661
  -76.8391  -76.8391  -76.8391  -76.8391  -76.8391  -76.8391  -76.8391  -76.8391
  -72.5496  -72.5496  -72.5496  -72.5496  -72.5496  -72.5496  -72.5496  -72.5496
  -68.5859  -68.5859  -68.5859  -68.5859  -68.5859  -68.5859  -68.5859  -68.5859
  -72.1287  -72.1287  -72.1287  -72.1287  -72.1287  -72.1287  -72.1287  -72.1287
  -75.2803  -75.2803  -75.2803  -75.2803  -75.2803  -75.2803  -75.2803  -75.2803
  -71.8297  -71.8297  -71.8297  -71.8297  -71.8297  -71.8297  -71.8297  -71.8297
  -69.8612  -69.8612  -69.8612  -69.8612  -69.8612  -69.8612  -69.8612  -69.8612
  -72.6377  -72.6377  -72.6377  -72.6377  -72.6377  -72.6377  -72.6377  -72.6377
  -74.1483  -74.1483  -74.1483  -74.1483  -74.1483  -74.1483  -74.1483  -74.1483
  -71.5739  -71.5739  -71.5739  -71.5739  -71.5739  -71.5739  -71.5739  -71.5739
  -70.7647  -70.7647  -70.7647  -70.7647  -70.7647  -70.7647  -70.7647  -70.7647
  -72.7897  -72.7897  -72.7897  -72.7897  -72.7897  -72.7897  -72.7897  -72.7897
  -73.3697  -73.3697  -73.3697  -73.3697  -73.3697  -73.3697  -73.3697  -73.3697
  -71.5571  -71.5571  -71.5571  -71.5571  -71.5571  -71.5571  -71.5571  -71.5571
  -71.3715  -71.3715  -71.3715  -71.3715  -71.3715  -71.3715  -71.3715  -71.3715
  -72.7656  -72.7656  -72.7656  -72.7656  -72.7656  -72.7656  -72.7656  -72.7656
  -72.8600  -72.8600  -72.8600  -72.8600  -72.8600  -72.8600  -72.8600  -72.8600
  -71.6462  -71.6462  -71.6462  -71.6462  -71.6462  -71.6462  -71.6462  -71.6462
  -71.7587  -71.7587  -71.7587  -71.7587  -71.7587  -71.7587  -71.7587  -71.7587
  -72.6698  -72.6698  -72.6698  -72.6698  -72.6698  -72.6698  -72.6698  -72.6698
  -72.5423  -72.5423  -72.5423  -72.5423  -72.5423  -72.5423  -72.5423  -72.5423
  -71.7678  -71.7678  -71.7678  -71.7678  -71.7678  -71.7678  -71.7678  -71.7678
  -71.9929  -71.9929  -71.9929  -71.9929  -71.9929  -71.9929  -71.9929  -71.9929
  -72.5578  -72.5578  -72.5578  -72.5578  -72.5578  -72.5578  -72.5578  -72.5578
  -72.3549  -72.3549  -72.3549  -72.3549  -72.3549  -72.3549  -72.3549  -72.3549
  -71.8853  -71.8853  -71.8853  -71.8853  -71.8853  -71.8853  -71.8853  -71.8853
  -72.1257  -72.1257  -72.1257  -72.1257  -72.1257  -72.1257  -72.1257  -72.1257
  -72.4558  -72.4558  -72.4558  -72.4558  -72.4558  -72.4558  -72.4558  -72.4558
  -72.2517  -72.2517  -72.2517  -72.2517  -72.2517  -72.2517  -72.2517  -72.2517
  -71.9835  -71.9835  -71.9835  -71.9835  -71.9835  -71.9835  -71.9835  -71.9835
  -72.1947  -72.1947  -72.1947  -72.1947  -72.1947  -72.1947  -72.1947  -72.1947
  -72.3737  -72.3737  -72.3737  -72.3737  -72.3737  -72.3737  -72.3737  -72.3737
  -72.2001  -72.2001  -72.2001  -72.2001  -72.2001  -72.2001  -72.2001  -72.2001
  -72.0586  -72.0586  -72.0586  -72.0586  -72.0586  -72.0586  -72.0586  -72.0586
  -72.2259  -72.2259  -72.2259  -72.2259  -72.2259  -72.2259  -72.2259  -72.2259
  -72.3125  -72.3125  -72.3125  -72.3125  -72.3125  -72.3125  -72.3125  -72.3125
  -72.1785  -72.1785  -72.1785  -72.1785  -72.1785  -72.1785  -72.1785  -72.1785
  -72.1126  -72.1126  -72.1126  -72.1126  -72.1126  -72.1126  -72.1126  -72.1126
  -72.2359  -72.2359  -72.2359  -72.2359  -72.2359  -72.2359  -72.2359  -72.2359
  -72.2696  -72.2696  -72.2696  -72.2696  -72.2696  -72.2696  -72.2696  -72.2696
  -72.1730  -72.1730  -72.1730  -72.1730  -72.1730  -72.1730  -72.1730  -72.1730
  -72.1494  -72.1494  -72.1494  -72.1494  -72.1494  -72.1494  -72.1494  -72.1494
  -72.2354  -72.2354  -72.2354  -72.2354  -72.2354  -72.2354  -72.2354  -72.2354
  -72.2411  -72.2411  -72.2411  -72.2411  -72.2411  -72.2411  -72.2411  -72.2411
  -72.1752  -72.1752  -72.1752  -72.1752  -72.1752  -72.1752  -72.1752  -72.1752
  -72.1733  -72.1733  -72.1733  -72.1733  -72.1733  -72.1733  -72.1733  -72.1733
  -72.2303  -72.2303  -72.2303  -72.2303  -72.2303  -72.2303  -72.2303  -72.2303
  -72.2230  -72.2230  -72.2230  -72.2230  -72.2230  -72.2230  -72.2230  -72.2230
  -72.1804  -72.1804  -72.1804  -72.1804  -72.1804  -72.1804  -72.1804  -72.1804
  -72.1880  -72.1880  -72.1880  -72.1880  -72.1880  -72.1880  -72.1880  -72.1880
  -72.2241  -72.2241  -72.2241  -72.2241  -72.2241  -72.2241  -72.2241  -72.2241
  -72.2122  -72.2122  -72.2122  -72.2122  -72.2122  -72.2122  -72.2122  -72.2122
  -72.1860  -72.1860  -72.1860  -72.1860  -72.1860  -72.1860  -72.1860  -72.1860
  -72.1966  -72.1966  -72.1966  -72.1966  -72.1966  -72.1966  -72.1966  -72.1966
  -72.2183  -72.2183  -72.2183  -72.2183  -72.2183  -72.2183  -72.2183  -72.2183
  -72.2062  -72.2062  -72.2062  -72.2062  -72.2062  -72.2062  -72.2062  -72.2062
  -72.1911  -72.1911  -72.1911  -72.1911  -72.1911  -72.1911  -72.1911  -72.1911
  -72.2013  -72.2013  -72.2013  -72.2013  -72.2013  -72.2013  -72.2013  -72.2013
  -72.2135  -72.2135  -72.2135  -72.2135  -72.2135  -72.2135  -72.2135  -72.2135
  -72.2031  -72.2031  -72.2031  -72.2031  -72.2031  -72.2031  -72.2031  -72.2031
  -72.1951  -72.1951  -72.1951  -72.1951  -72.1951  -72.1951  -72.1951  -72.1951
  -72.2035  -72.2035  -72.2035  -72.2035  -72.2035  -72.2035  -72.2035  -72.2035

  Columns 17 through 24

 -175.0000 -175.0000 -175.0000 -175.0000 -175.0000 -175.0000 -175.0000 -175.0000
  -89.5000  -89.5000  -89.5000  -89.5000  -89.5000  -89.5000  -89.5000  -89.5000
  -45.0000  -45.0000  -45.0000  -45.0000  -45.0000  -45.0000  -45.0000  -45.0000
  -76.9500  -76.9500  -76.9500  -76.9500  -76.9500  -76.9500  -76.9500  -76.9500
  -95.1295  -95.1295  -95.1295  -95.1295  -95.1295  -95.1295  -95.1295  -95.1295
  -64.8355  -64.8355  -64.8355  -64.8355  -64.8355  -64.8355  -64.8355  -64.8355
  -68.6884  -68.6884  -68.6884  -68.6884  -68.6884  -68.6884  -68.6884  -68.6884
  -78.8472  -78.8472  -78.8472  -78.8472  -78.8472  -78.8472  -78.8472  -78.8472
  -74.0931  -74.0931  -74.0931  -74.0931  -74.0931  -74.0931  -74.0931  -74.0931
  -66.8955  -66.8955  -66.8955  -66.8955  -66.8955  -66.8955  -66.8955  -66.8955
  -70.9661  -70.9661  -70.9661  -70.9661  -70.9661  -70.9661  -70.9661  -70.9661
  -76.8391  -76.8391  -76.8391  -76.8391  -76.8391  -76.8391  -76.8391  -76.8391
  -72.5496  -72.5496  -72.5496  -72.5496  -72.5496  -72.5496  -72.5496  -72.5496
  -68.5859  -68.5859  -68.5859  -68.5859  -68.5859  -68.5859  -68.5859  -68.5859
  -72.1287  -72.1287  -72.1287  -72.1287  -72.1287  -72.1287  -72.1287  -72.1287
  -75.2803  -75.2803  -75.2803  -75.2803  -75.2803  -75.2803  -75.2803  -75.2803
  -71.8297  -71.8297  -71.8297  -71.8297  -71.8297  -71.8297  -71.8297  -71.8297
  -69.8612  -69.8612  -69.8612  -69.8612  -69.8612  -69.8612  -69.8612  -69.8612
  -72.6377  -72.6377  -72.6377  -72.6377  -72.6377  -72.6377  -72.6377  -72.6377
  -74.1483  -74.1483  -74.1483  -74.1483  -74.1483  -74.1483  -74.1483  -74.1483
  -71.5739  -71.5739  -71.5739  -71.5739  -71.5739  -71.5739  -71.5739  -71.5739
  -70.7647  -70.7647  -70.7647  -70.7647  -70.7647  -70.7647  -70.7647  -70.7647
  -72.7897  -72.7897  -72.7897  -72.7897  -72.7897  -72.7897  -72.7897  -72.7897
  -73.3697  -73.3697  -73.3697  -73.3697  -73.3697  -73.3697  -73.3697  -73.3697
  -71.5571  -71.5571  -71.5571  -71.5571  -71.5571  -71.5571  -71.5571  -71.5571
  -71.3715  -71.3715  -71.3715  -71.3715  -71.3715  -71.3715  -71.3715  -71.3715
  -72.7656  -72.7656  -72.7656  -72.7656  -72.7656  -72.7656  -72.7656  -72.7656
  -72.8600  -72.8600  -72.8600  -72.8600  -72.8600  -72.8600  -72.8600  -72.8600
  -71.6462  -71.6462  -71.6462  -71.6462  -71.6462  -71.6462  -71.6462  -71.6462
  -71.7587  -71.7587  -71.7587  -71.7587  -71.7587  -71.7587  -71.7587  -71.7587
  -72.6698  -72.6698  -72.6698  -72.6698  -72.6698  -72.6698  -72.6698  -72.6698
  -72.5423  -72.5423  -72.5423  -72.5423  -72.5423  -72.5423  -72.5423  -72.5423
  -71.7678  -71.7678  -71.7678  -71.7678  -71.7678  -71.7678  -71.7678  -71.7678
  -71.9929  -71.9929  -71.9929  -71.9929  -71.9929  -71.9929  -71.9929  -71.9929
  -72.5578  -72.5578  -72.5578  -72.5578  -72.5578  -72.5578  -72.5578  -72.5578
  -72.3549  -72.3549  -72.3549  -72.3549  -72.3549  -72.3549  -72.3549  -72.3549
  -71.8853  -71.8853  -71.8853  -71.8853  -71.8853  -71.8853  -71.8853  -71.8853
  -72.1257  -72.1257  -72.1257  -72.1257  -72.1257  -72.1257  -72.1257  -72.1257
  -72.4558  -72.4558  -72.4558  -72.4558  -72.4558  -72.4558  -72.4558  -72.4558
  -72.2517  -72.2517  -72.2517  -72.2517  -72.2517  -72.2517  -72.2517  -72.2517
  -71.9835  -71.9835  -71.9835  -71.9835  -71.9835  -71.9835  -71.9835  -71.9835
  -72.1947  -72.1947  -72.1947  -72.1947  -72.1947  -72.1947  -72.1947  -72.1947
  -72.3737  -72.3737  -72.3737  -72.3737  -72.3737  -72.3737  -72.3737  -72.3737
  -72.2001  -72.2001  -72.2001  -72.2001  -72.2001  -72.2001  -72.2001  -72.2001
  -72.0586  -72.0586  -72.0586  -72.0586  -72.0586  -72.0586  -72.0586  -72.0586
  -72.2259  -72.2259  -72.2259  -72.2259  -72.2259  -72.2259  -72.2259  -72.2259
  -72.3125  -72.3125  -72.3125  -72.3125  -72.3125  -72.3125  -72.3125  -72.3125
  -72.1785  -72.1785  -72.1785  -72.1785  -72.1785  -72.1785  -72.1785  -72.1785
  -72.1126  -72.1126  -72.1126  -72.1126  -72.1126  -72.1126  -72.1126  -72.1126
  -72.2359  -72.2359  -72.2359  -72.2359  -72.2359  -72.2359  -72.2359  -72.2359
  -72.2696  -72.2696  -72.2696  -72.2696  -72.2696  -72.2696  -72.2696  -72.2696
  -72.1730  -72.1730  -72.1730  -72.1730  -72.1730  -72.1730  -72.1730  -72.1730
  -72.1494  -72.1494  -72.1494  -72.1494  -72.1494  -72.1494  -72.1494  -72.1494
  -72.2354  -72.2354  -72.2354  -72.2354  -72.2354  -72.2354  -72.2354  -72.2354
  -72.2411  -72.2411  -72.2411  -72.2411  -72.2411  -72.2411  -72.2411  -72.2411
  -72.1752  -72.1752  -72.1752  -72.1752  -72.1752  -72.1752  -72.1752  -72.1752
  -72.1733  -72.1733  -72.1733  -72.1733  -72.1733  -72.1733  -72.1733  -72.1733
  -72.2303  -72.2303  -72.2303  -72.2303  -72.2303  -72.2303  -72.2303  -72.2303
  -72.2230  -72.2230  -72.2230  -72.2230  -72.2230  -72.2230  -72.2230  -72.2230
  -72.1804  -72.1804  -72.1804  -72.1804  -72.1804  -72.1804  -72.1804  -72.1804
  -72.1880  -72.1880  -72.1880  -72.1880  -72.1880  -72.1880  -72.1880  -72.1880
  -72.2241  -72.2241  -72.2241  -72.2241  -72.2241  -72.2241  -72.2241  -72.2241
  -72.2122  -72.2122  -72.2122  -72.2122  -72.2122  -72.2122  -72.2122  -72.2122
  -72.1860  -72.1860  -72.1860  -72.1860  -72.1860  -72.1860  -72.1860  -72.1860
  -72.1966  -72.1966  -72.1966  -72.1966  -72.1966  -72.1966  -72.1966  -72.1966
  -72.2183  -72.2183  -72.2183  -72.2183  -72.2183  -72.2183  -72.2183  -72.2183
  -72.2062  -72.2062  -72.2062  -72.2062  -72.2062  -72.2062  -72.2062  -72.2062
  -72.1911  -72.1911  -72.1911  -72.1911  -72.1911  -72.1911  -72.1911  -72.1911
  -72.2013  -72.2013  -72.2013  -72.2013  -72.2013  -72.2013  -72.2013  -72.2013
  -72.2135  -72.2135  -72.2135  -72.2135  -72.2135  -72.2135  -72.2135  -72.2135
  -72.2031  -72.2031  -72.2031  -72.2031  -72.2031  -72.2031  -72.2031  -72.2031
  -72.1951  -72.1951  -72.1951  -72.1951  -72.1951  -72.1951  -72.1951  -72.1951
  -72.2035  -72.2035  -72.2035  -72.2035  -72.2035  -72.2035  -72.2035  -72.2035

  Columns 25 through 31

 -175.0000 -175.0000 -175.0000 -175.0000 -175.0000 -175.0000 -175.0000
  -89.5000  -89.5000  -89.5000  -89.5000  -89.5000  -89.5000  -89.5000
  -45.0000  -45.0000  -45.0000  -45.0000  -45.0000  -45.0000  -45.0000
  -76.9500  -76.9500  -76.9500  -76.9500  -76.9500  -76.9500  -76.9500
  -95.1295  -95.1295  -95.1295  -95.1295  -95.1295  -95.1295  -95.1295
  -64.8355  -64.8355  -64.8355  -64.8355  -64.8355  -64.8355  -64.8355
  -68.6884  -68.6884  -68.6884  -68.6884  -68.6884  -68.6884  -68.6884
  -78.8472  -78.8472  -78.8472  -78.8472  -78.8472  -78.8472  -78.8472
  -74.0931  -74.0931  -74.0931  -74.0931  -74.0931  -74.0931  -74.0931
  -66.8955  -66.8955  -66.8955  -66.8955  -66.8955  -66.8955  -66.8955
  -70.9661  -70.9661  -70.9661  -70.9661  -70.9661  -70.9661  -70.9661
  -76.8391  -76.8391  -76.8391  -76.8391  -76.8391  -76.8391  -76.8391
  -72.5496  -72.5496  -72.5496  -72.5496  -72.5496  -72.5496  -72.5496
  -68.5859  -68.5859  -68.5859  -68.5859  -68.5859  -68.5859  -68.5859
  -72.1287  -72.1287  -72.1287  -72.1287  -72.1287  -72.1287  -72.1287
  -75.2803  -75.2803  -75.2803  -75.2803  -75.2803  -75.2803  -75.2803
  -71.8297  -71.8297  -71.8297  -71.8297  -71.8297  -71.8297  -71.8297
  -69.8612  -69.8612  -69.8612  -69.8612  -69.8612  -69.8612  -69.8612
  -72.6377  -72.6377  -72.6377  -72.6377  -72.6377  -72.6377  -72.6377
  -74.1483  -74.1483  -74.1483  -74.1483  -74.1483  -74.1483  -74.1483
  -71.5739  -71.5739  -71.5739  -71.5739  -71.5739  -71.5739  -71.5739
  -70.7647  -70.7647  -70.7647  -70.7647  -70.7647  -70.7647  -70.7647
  -72.7897  -72.7897  -72.7897  -72.7897  -72.7897  -72.7897  -72.7897
  -73.3697  -73.3697  -73.3697  -73.3697  -73.3697  -73.3697  -73.3697
  -71.5571  -71.5571  -71.5571  -71.5571  -71.5571  -71.5571  -71.5571
  -71.3715  -71.3715  -71.3715  -71.3715  -71.3715  -71.3715  -71.3715
  -72.7656  -72.7656  -72.7656  -72.7656  -72.7656  -72.7656  -72.7656
  -72.8600  -72.8600  -72.8600  -72.8600  -72.8600  -72.8600  -72.8600
  -71.6462  -71.6462  -71.6462  -71.6462  -71.6462  -71.6462  -71.6462
  -71.7587  -71.7587  -71.7587  -71.7587  -71.7587  -71.7587  -71.7587
  -72.6698  -72.6698  -72.6698  -72.6698  -72.6698  -72.6698  -72.6698
  -72.5423  -72.5423  -72.5423  -72.5423  -72.5423  -72.5423  -72.5423
  -71.7678  -71.7678  -71.7678  -71.7678  -71.7678  -71.7678  -71.7678
  -71.9929  -71.9929  -71.9929  -71.9929  -71.9929  -71.9929  -71.9929
  -72.5578  -72.5578  -72.5578  -72.5578  -72.5578  -72.5578  -72.5578
  -72.3549  -72.3549  -72.3549  -72.3549  -72.3549  -72.3549  -72.3549
  -71.8853  -71.8853  -71.8853  -71.8853  -71.8853  -71.8853  -71.8853
  -72.1257  -72.1257  -72.1257  -72.1257  -72.1257  -72.1257  -72.1257
  -72.4558  -72.4558  -72.4558  -72.4558  -72.4558  -72.4558  -72.4558
  -72.2517  -72.2517  -72.2517  -72.2517  -72.2517  -72.2517  -72.2517
  -71.9835  -71.9835  -71.9835  -71.9835  -71.9835  -71.9835  -71.9835
  -72.1947  -72.1947  -72.1947  -72.1947  -72.1947  -72.1947  -72.1947
  -72.3737  -72.3737  -72.3737  -72.3737  -72.3737  -72.3737  -72.3737
  -72.2001  -72.2001  -72.2001  -72.2001  -72.2001  -72.2001  -72.2001
  -72.0586  -72.0586  -72.0586  -72.0586  -72.0586  -72.0586  -72.0586
  -72.2259  -72.2259  -72.2259  -72.2259  -72.2259  -72.2259  -72.2259
  -72.3125  -72.3125  -72.3125  -72.3125  -72.3125  -72.3125  -72.3125
  -72.1785  -72.1785  -72.1785  -72.1785  -72.1785  -72.1785  -72.1785
  -72.1126  -72.1126  -72.1126  -72.1126  -72.1126  -72.1126  -72.1126
  -72.2359  -72.2359  -72.2359  -72.2359  -72.2359  -72.2359  -72.2359
  -72.2696  -72.2696  -72.2696  -72.2696  -72.2696  -72.2696  -72.2696
  -72.1730  -72.1730  -72.1730  -72.1730  -72.1730  -72.1730  -72.1730
  -72.1494  -72.1494  -72.1494  -72.1494  -72.1494  -72.1494  -72.1494
  -72.2354  -72.2354  -72.2354  -72.2354  -72.2354  -72.2354  -72.2354
  -72.2411  -72.2411  -72.2411  -72.2411  -72.2411  -72.2411  -72.2411
  -72.1752  -72.1752  -72.1752  -72.1752  -72.1752  -72.1752  -72.1752
  -72.1733  -72.1733  -72.1733  -72.1733  -72.1733  -72.1733  -72.1733
  -72.2303  -72.2303  -72.2303  -72.2303  -72.2303  -72.2303  -72.2303
  -72.2230  -72.2230  -72.2230  -72.2230  -72.2230  -72.2230  -72.2230
  -72.1804  -72.1804  -72.1804  -72.1804  -72.1804  -72.1804  -72.1804
  -72.1880  -72.1880  -72.1880  -72.1880  -72.1880  -72.1880  -72.1880
  -72.2241  -72.2241  -72.2241  -72.2241  -72.2241  -72.2241  -72.2241
  -72.2122  -72.2122  -72.2122  -72.2122  -72.2122  -72.2122  -72.2122
  -72.1860  -72.1860  -72.1860  -72.1860  -72.1860  -72.1860  -72.1860
  -72.1966  -72.1966  -72.1966  -72.1966  -72.1966  -72.1966  -72.1966
  -72.2183  -72.2183  -72.2183  -72.2183  -72.2183  -72.2183  -72.2183
  -72.2062  -72.2062  -72.2062  -72.2062  -72.2062  -72.2062  -72.2062
  -72.1911  -72.1911  -72.1911  -72.1911  -72.1911  -72.1911  -72.1911
  -72.2013  -72.2013  -72.2013  -72.2013  -72.2013  -72.2013  -72.2013
  -72.2135  -72.2135  -72.2135  -72.2135  -72.2135  -72.2135  -72.2135
  -72.2031  -72.2031  -72.2031  -72.2031  -72.2031  -72.2031  -72.2031
  -72.1951  -72.1951  -72.1951  -72.1951  -72.1951  -72.1951  -72.1951
  -72.2035  -72.2035  -72.2035  -72.2035  -72.2035  -72.2035  -72.2035

main_HW3_Problem_1_Dai
*********Solution for Problem 1, Homework 3, Xiongming Dai*******
epsilon = 0.01;  psi = 0.9
i_star =  3
converge at : 73
Optimal policy : 1  1  1  2  2  2  2  2  2  2  2  2  2  2  2  2  2  2  2  2  2  2  2  2  2  2  2  2  2  2  2
Iteration history :
  Columns 1 through 8

   85.5000   40.5000         0  -36.4500  -69.2550  -89.5000  -89.5000  -89.5000
  130.0000   53.0500         0         0         0         0         0         0
   98.0500   13.0000         0         0         0         0         0         0
   79.8705   31.6755         0  -10.0795  -10.0795  -10.0795  -10.0795  -10.0795
  110.1645   41.4760         0  -16.6405  -16.6405  -16.6405  -16.6405  -16.6405
  106.3116   30.8520         0         0         0         0         0         0
   96.1528   30.9320         0   -3.3876   -3.3876   -3.3876   -3.3876   -3.3876
  100.9069   34.5902         0   -8.8723   -8.8723   -8.8723   -8.8723   -8.8723
  108.1045   38.6049         0   -0.5788   -0.5788   -0.5788   -0.5788   -0.5788
  104.0339   31.2395         0   -1.4665   -1.4665   -1.4665   -1.4665   -1.4665
   98.1609   32.3248         0   -4.0446   -4.0446   -4.0446   -4.0446   -4.0446
  102.4504   34.9417         0   -6.7135   -6.7135   -6.7135   -6.7135   -6.7135
  106.4141   36.7174         0   -1.0772   -1.0772   -1.0772   -1.0772   -1.0772
  102.8713   31.7953         0   -2.4321   -2.4321   -2.4321   -2.4321   -2.4321
   99.7197   33.2116         0   -4.2043   -4.2043   -4.2043   -4.2043   -4.2043
  103.1703   34.9307         0   -5.3216   -5.3216   -5.3216   -5.3216   -5.3216
  105.1388   35.5251         0   -1.6216   -1.6216   -1.6216   -1.6216   -1.6216
  102.3623   32.3510         0   -3.0241   -3.0241   -3.0241   -3.0241   -3.0241
  100.8517   33.7369         0   -4.1371   -4.1371   -4.1371   -4.1371   -4.1371
  103.4261   34.7744         0   -4.4591   -4.4591   -4.4591   -4.4591   -4.4591
  104.2353   34.8035         0   -2.1130   -2.1130   -2.1130   -2.1130   -2.1130
  102.2103   32.8303         0   -3.3579   -3.3579   -3.3579   -3.3579   -3.3579
  101.6303   34.0210         0   -3.9897   -3.9897   -3.9897   -3.9897   -3.9897
  103.4429   34.5850         0   -3.9478   -3.9478   -3.9478   -3.9478   -3.9478
  103.6285   34.3879         0   -2.5135   -2.5135   -2.5135   -2.5135   -2.5135
  102.2344   33.2094         0   -3.5249   -3.5249   -3.5249   -3.5249   -3.5249
  102.1400   34.1541         0   -3.8349   -3.8349   -3.8349   -3.8349   -3.8349
  103.3538   34.4137         0   -3.6603   -3.6603   -3.6603   -3.6603   -3.6603
  103.2413   34.1630         0   -2.8186   -2.8186   -2.8186   -2.8186   -2.8186
  102.3302   33.4914         0   -3.5915   -3.5915   -3.5915   -3.5915   -3.5915
  102.4577   34.1994         0   -3.7034   -3.7034   -3.7034   -3.7034   -3.7034
  103.2322   34.2786         0   -3.5095   -3.5095   -3.5095   -3.5095   -3.5095
  103.0071   34.0518         0   -3.0393   -3.0393   -3.0393   -3.0393   -3.0393
  102.4422   33.6912         0   -3.6024   -3.6024   -3.6024   -3.6024   -3.6024
  102.6451   34.1982         0   -3.6038   -3.6038   -3.6038   -3.6038   -3.6038
  103.1147   34.1811         0   -3.4384   -3.4384   -3.4384   -3.4384   -3.4384
  102.8743   34.0047         0   -3.1920   -3.1920   -3.1920   -3.1920   -3.1920
  102.5442   33.8268         0   -3.5863   -3.5863   -3.5863   -3.5863   -3.5863
  102.7483   34.1759         0   -3.5344   -3.5344   -3.5344   -3.5344   -3.5344
  103.0165   34.1155         0   -3.4110   -3.4110   -3.4110   -3.4110   -3.4110
  102.8053   33.9914         0   -3.2937   -3.2937   -3.2937   -3.2937   -3.2937
  102.6263   33.9154         0   -3.5599   -3.5599   -3.5599   -3.5599   -3.5599
  102.7999   34.1471         0   -3.4892   -3.4892   -3.4892   -3.4892   -3.4892
  102.9414   34.0743         0   -3.4058   -3.4058   -3.4058   -3.4058   -3.4058
  102.7741   33.9940         0   -3.3587   -3.3587   -3.3587   -3.3587   -3.3587
  102.6875   33.9709         0   -3.5324   -3.5324   -3.5324   -3.5324   -3.5324
  102.8215   34.1193         0   -3.4619   -3.4619   -3.4619   -3.4619   -3.4619
  102.8874   34.0502         0   -3.4104   -3.4104   -3.4104   -3.4104   -3.4104
  102.7641   34.0026         0   -3.3987   -3.3987   -3.3987   -3.3987   -3.3987
  102.7304   34.0042         0   -3.5081   -3.5081   -3.5081   -3.5081   -3.5081
  102.8270   34.0958         0   -3.4468   -3.4468   -3.4468   -3.4468   -3.4468
  102.8506   34.0375         0   -3.4182   -3.4182   -3.4182   -3.4182   -3.4182
  102.7646   34.0122         0   -3.4223   -3.4223   -3.4223   -3.4223   -3.4223
  102.7589   34.0232         0   -3.4886   -3.4886   -3.4886   -3.4886   -3.4886
  102.8248   34.0775         0   -3.4394   -3.4394   -3.4394   -3.4394   -3.4394
  102.8267   34.0317         0   -3.4259   -3.4259   -3.4259   -3.4259   -3.4259
  102.7697   34.0206         0   -3.4353   -3.4353   -3.4353   -3.4353   -3.4353
  102.7770   34.0333         0   -3.4740   -3.4740   -3.4740   -3.4740   -3.4740
  102.8196   34.0640         0   -3.4367   -3.4367   -3.4367   -3.4367   -3.4367
  102.8120   34.0300         0   -3.4324   -3.4324   -3.4324   -3.4324   -3.4324
  102.7759   34.0271         0   -3.4421   -3.4421   -3.4421   -3.4421   -3.4421
  102.7878   34.0382         0   -3.4634   -3.4634   -3.4634   -3.4634   -3.4634
  102.8140   34.0545         0   -3.4365   -3.4365   -3.4365   -3.4365   -3.4365
  102.8034   34.0303         0   -3.4371   -3.4371   -3.4371   -3.4371   -3.4371
  102.7817   34.0318         0   -3.4452   -3.4452   -3.4452   -3.4452   -3.4452
  102.7938   34.0402         0   -3.4562   -3.4562   -3.4562   -3.4562   -3.4562
  102.8089   34.0481         0   -3.4375   -3.4375   -3.4375   -3.4375   -3.4375
  102.7987   34.0316         0   -3.4404   -3.4404   -3.4404   -3.4404   -3.4404
  102.7865   34.0348         0   -3.4463   -3.4463   -3.4463   -3.4463   -3.4463
  102.7969   34.0407         0   -3.4514   -3.4514   -3.4514   -3.4514   -3.4514
  102.8049   34.0439         0   -3.4389   -3.4389   -3.4389   -3.4389   -3.4389
  102.7965   34.0330         0   -3.4425   -3.4425   -3.4425   -3.4425   -3.4425
  102.7901   34.0368         0   -3.4464   -3.4464   -3.4464   -3.4464   -3.4464

  Columns 9 through 16

  -89.5000  -89.5000  -89.5000  -89.5000  -89.5000  -89.5000  -89.5000  -89.5000
         0         0         0         0         0         0         0         0
         0         0         0         0         0         0         0         0
  -10.0795  -10.0795  -10.0795  -10.0795  -10.0795  -10.0795  -10.0795  -10.0795
  -16.6405  -16.6405  -16.6405  -16.6405  -16.6405  -16.6405  -16.6405  -16.6405
         0         0         0         0         0         0         0         0
   -3.3876   -3.3876   -3.3876   -3.3876   -3.3876   -3.3876   -3.3876   -3.3876
   -8.8723   -8.8723   -8.8723   -8.8723   -8.8723   -8.8723   -8.8723   -8.8723
   -0.5788   -0.5788   -0.5788   -0.5788   -0.5788   -0.5788   -0.5788   -0.5788
   -1.4665   -1.4665   -1.4665   -1.4665   -1.4665   -1.4665   -1.4665   -1.4665
   -4.0446   -4.0446   -4.0446   -4.0446   -4.0446   -4.0446   -4.0446   -4.0446
   -6.7135   -6.7135   -6.7135   -6.7135   -6.7135   -6.7135   -6.7135   -6.7135
   -1.0772   -1.0772   -1.0772   -1.0772   -1.0772   -1.0772   -1.0772   -1.0772
   -2.4321   -2.4321   -2.4321   -2.4321   -2.4321   -2.4321   -2.4321   -2.4321
   -4.2043   -4.2043   -4.2043   -4.2043   -4.2043   -4.2043   -4.2043   -4.2043
   -5.3216   -5.3216   -5.3216   -5.3216   -5.3216   -5.3216   -5.3216   -5.3216
   -1.6216   -1.6216   -1.6216   -1.6216   -1.6216   -1.6216   -1.6216   -1.6216
   -3.0241   -3.0241   -3.0241   -3.0241   -3.0241   -3.0241   -3.0241   -3.0241
   -4.1371   -4.1371   -4.1371   -4.1371   -4.1371   -4.1371   -4.1371   -4.1371
   -4.4591   -4.4591   -4.4591   -4.4591   -4.4591   -4.4591   -4.4591   -4.4591
   -2.1130   -2.1130   -2.1130   -2.1130   -2.1130   -2.1130   -2.1130   -2.1130
   -3.3579   -3.3579   -3.3579   -3.3579   -3.3579   -3.3579   -3.3579   -3.3579
   -3.9897   -3.9897   -3.9897   -3.9897   -3.9897   -3.9897   -3.9897   -3.9897
   -3.9478   -3.9478   -3.9478   -3.9478   -3.9478   -3.9478   -3.9478   -3.9478
   -2.5135   -2.5135   -2.5135   -2.5135   -2.5135   -2.5135   -2.5135   -2.5135
   -3.5249   -3.5249   -3.5249   -3.5249   -3.5249   -3.5249   -3.5249   -3.5249
   -3.8349   -3.8349   -3.8349   -3.8349   -3.8349   -3.8349   -3.8349   -3.8349
   -3.6603   -3.6603   -3.6603   -3.6603   -3.6603   -3.6603   -3.6603   -3.6603
   -2.8186   -2.8186   -2.8186   -2.8186   -2.8186   -2.8186   -2.8186   -2.8186
   -3.5915   -3.5915   -3.5915   -3.5915   -3.5915   -3.5915   -3.5915   -3.5915
   -3.7034   -3.7034   -3.7034   -3.7034   -3.7034   -3.7034   -3.7034   -3.7034
   -3.5095   -3.5095   -3.5095   -3.5095   -3.5095   -3.5095   -3.5095   -3.5095
   -3.0393   -3.0393   -3.0393   -3.0393   -3.0393   -3.0393   -3.0393   -3.0393
   -3.6024   -3.6024   -3.6024   -3.6024   -3.6024   -3.6024   -3.6024   -3.6024
   -3.6038   -3.6038   -3.6038   -3.6038   -3.6038   -3.6038   -3.6038   -3.6038
   -3.4384   -3.4384   -3.4384   -3.4384   -3.4384   -3.4384   -3.4384   -3.4384
   -3.1920   -3.1920   -3.1920   -3.1920   -3.1920   -3.1920   -3.1920   -3.1920
   -3.5863   -3.5863   -3.5863   -3.5863   -3.5863   -3.5863   -3.5863   -3.5863
   -3.5344   -3.5344   -3.5344   -3.5344   -3.5344   -3.5344   -3.5344   -3.5344
   -3.4110   -3.4110   -3.4110   -3.4110   -3.4110   -3.4110   -3.4110   -3.4110
   -3.2937   -3.2937   -3.2937   -3.2937   -3.2937   -3.2937   -3.2937   -3.2937
   -3.5599   -3.5599   -3.5599   -3.5599   -3.5599   -3.5599   -3.5599   -3.5599
   -3.4892   -3.4892   -3.4892   -3.4892   -3.4892   -3.4892   -3.4892   -3.4892
   -3.4058   -3.4058   -3.4058   -3.4058   -3.4058   -3.4058   -3.4058   -3.4058
   -3.3587   -3.3587   -3.3587   -3.3587   -3.3587   -3.3587   -3.3587   -3.3587
   -3.5324   -3.5324   -3.5324   -3.5324   -3.5324   -3.5324   -3.5324   -3.5324
   -3.4619   -3.4619   -3.4619   -3.4619   -3.4619   -3.4619   -3.4619   -3.4619
   -3.4104   -3.4104   -3.4104   -3.4104   -3.4104   -3.4104   -3.4104   -3.4104
   -3.3987   -3.3987   -3.3987   -3.3987   -3.3987   -3.3987   -3.3987   -3.3987
   -3.5081   -3.5081   -3.5081   -3.5081   -3.5081   -3.5081   -3.5081   -3.5081
   -3.4468   -3.4468   -3.4468   -3.4468   -3.4468   -3.4468   -3.4468   -3.4468
   -3.4182   -3.4182   -3.4182   -3.4182   -3.4182   -3.4182   -3.4182   -3.4182
   -3.4223   -3.4223   -3.4223   -3.4223   -3.4223   -3.4223   -3.4223   -3.4223
   -3.4886   -3.4886   -3.4886   -3.4886   -3.4886   -3.4886   -3.4886   -3.4886
   -3.4394   -3.4394   -3.4394   -3.4394   -3.4394   -3.4394   -3.4394   -3.4394
   -3.4259   -3.4259   -3.4259   -3.4259   -3.4259   -3.4259   -3.4259   -3.4259
   -3.4353   -3.4353   -3.4353   -3.4353   -3.4353   -3.4353   -3.4353   -3.4353
   -3.4740   -3.4740   -3.4740   -3.4740   -3.4740   -3.4740   -3.4740   -3.4740
   -3.4367   -3.4367   -3.4367   -3.4367   -3.4367   -3.4367   -3.4367   -3.4367
   -3.4324   -3.4324   -3.4324   -3.4324   -3.4324   -3.4324   -3.4324   -3.4324
   -3.4421   -3.4421   -3.4421   -3.4421   -3.4421   -3.4421   -3.4421   -3.4421
   -3.4634   -3.4634   -3.4634   -3.4634   -3.4634   -3.4634   -3.4634   -3.4634
   -3.4365   -3.4365   -3.4365   -3.4365   -3.4365   -3.4365   -3.4365   -3.4365
   -3.4371   -3.4371   -3.4371   -3.4371   -3.4371   -3.4371   -3.4371   -3.4371
   -3.4452   -3.4452   -3.4452   -3.4452   -3.4452   -3.4452   -3.4452   -3.4452
   -3.4562   -3.4562   -3.4562   -3.4562   -3.4562   -3.4562   -3.4562   -3.4562
   -3.4375   -3.4375   -3.4375   -3.4375   -3.4375   -3.4375   -3.4375   -3.4375
   -3.4404   -3.4404   -3.4404   -3.4404   -3.4404   -3.4404   -3.4404   -3.4404
   -3.4463   -3.4463   -3.4463   -3.4463   -3.4463   -3.4463   -3.4463   -3.4463
   -3.4514   -3.4514   -3.4514   -3.4514   -3.4514   -3.4514   -3.4514   -3.4514
   -3.4389   -3.4389   -3.4389   -3.4389   -3.4389   -3.4389   -3.4389   -3.4389
   -3.4425   -3.4425   -3.4425   -3.4425   -3.4425   -3.4425   -3.4425   -3.4425
   -3.4464   -3.4464   -3.4464   -3.4464   -3.4464   -3.4464   -3.4464   -3.4464

  Columns 17 through 24

  -89.5000  -89.5000  -89.5000  -89.5000  -89.5000  -89.5000  -89.5000  -89.5000
         0         0         0         0         0         0         0         0
         0         0         0         0         0         0         0         0
  -10.0795  -10.0795  -10.0795  -10.0795  -10.0795  -10.0795  -10.0795  -10.0795
  -16.6405  -16.6405  -16.6405  -16.6405  -16.6405  -16.6405  -16.6405  -16.6405
         0         0         0         0         0         0         0         0
   -3.3876   -3.3876   -3.3876   -3.3876   -3.3876   -3.3876   -3.3876   -3.3876
   -8.8723   -8.8723   -8.8723   -8.8723   -8.8723   -8.8723   -8.8723   -8.8723
   -0.5788   -0.5788   -0.5788   -0.5788   -0.5788   -0.5788   -0.5788   -0.5788
   -1.4665   -1.4665   -1.4665   -1.4665   -1.4665   -1.4665   -1.4665   -1.4665
   -4.0446   -4.0446   -4.0446   -4.0446   -4.0446   -4.0446   -4.0446   -4.0446
   -6.7135   -6.7135   -6.7135   -6.7135   -6.7135   -6.7135   -6.7135   -6.7135
   -1.0772   -1.0772   -1.0772   -1.0772   -1.0772   -1.0772   -1.0772   -1.0772
   -2.4321   -2.4321   -2.4321   -2.4321   -2.4321   -2.4321   -2.4321   -2.4321
   -4.2043   -4.2043   -4.2043   -4.2043   -4.2043   -4.2043   -4.2043   -4.2043
   -5.3216   -5.3216   -5.3216   -5.3216   -5.3216   -5.3216   -5.3216   -5.3216
   -1.6216   -1.6216   -1.6216   -1.6216   -1.6216   -1.6216   -1.6216   -1.6216
   -3.0241   -3.0241   -3.0241   -3.0241   -3.0241   -3.0241   -3.0241   -3.0241
   -4.1371   -4.1371   -4.1371   -4.1371   -4.1371   -4.1371   -4.1371   -4.1371
   -4.4591   -4.4591   -4.4591   -4.4591   -4.4591   -4.4591   -4.4591   -4.4591
   -2.1130   -2.1130   -2.1130   -2.1130   -2.1130   -2.1130   -2.1130   -2.1130
   -3.3579   -3.3579   -3.3579   -3.3579   -3.3579   -3.3579   -3.3579   -3.3579
   -3.9897   -3.9897   -3.9897   -3.9897   -3.9897   -3.9897   -3.9897   -3.9897
   -3.9478   -3.9478   -3.9478   -3.9478   -3.9478   -3.9478   -3.9478   -3.9478
   -2.5135   -2.5135   -2.5135   -2.5135   -2.5135   -2.5135   -2.5135   -2.5135
   -3.5249   -3.5249   -3.5249   -3.5249   -3.5249   -3.5249   -3.5249   -3.5249
   -3.8349   -3.8349   -3.8349   -3.8349   -3.8349   -3.8349   -3.8349   -3.8349
   -3.6603   -3.6603   -3.6603   -3.6603   -3.6603   -3.6603   -3.6603   -3.6603
   -2.8186   -2.8186   -2.8186   -2.8186   -2.8186   -2.8186   -2.8186   -2.8186
   -3.5915   -3.5915   -3.5915   -3.5915   -3.5915   -3.5915   -3.5915   -3.5915
   -3.7034   -3.7034   -3.7034   -3.7034   -3.7034   -3.7034   -3.7034   -3.7034
   -3.5095   -3.5095   -3.5095   -3.5095   -3.5095   -3.5095   -3.5095   -3.5095
   -3.0393   -3.0393   -3.0393   -3.0393   -3.0393   -3.0393   -3.0393   -3.0393
   -3.6024   -3.6024   -3.6024   -3.6024   -3.6024   -3.6024   -3.6024   -3.6024
   -3.6038   -3.6038   -3.6038   -3.6038   -3.6038   -3.6038   -3.6038   -3.6038
   -3.4384   -3.4384   -3.4384   -3.4384   -3.4384   -3.4384   -3.4384   -3.4384
   -3.1920   -3.1920   -3.1920   -3.1920   -3.1920   -3.1920   -3.1920   -3.1920
   -3.5863   -3.5863   -3.5863   -3.5863   -3.5863   -3.5863   -3.5863   -3.5863
   -3.5344   -3.5344   -3.5344   -3.5344   -3.5344   -3.5344   -3.5344   -3.5344
   -3.4110   -3.4110   -3.4110   -3.4110   -3.4110   -3.4110   -3.4110   -3.4110
   -3.2937   -3.2937   -3.2937   -3.2937   -3.2937   -3.2937   -3.2937   -3.2937
   -3.5599   -3.5599   -3.5599   -3.5599   -3.5599   -3.5599   -3.5599   -3.5599
   -3.4892   -3.4892   -3.4892   -3.4892   -3.4892   -3.4892   -3.4892   -3.4892
   -3.4058   -3.4058   -3.4058   -3.4058   -3.4058   -3.4058   -3.4058   -3.4058
   -3.3587   -3.3587   -3.3587   -3.3587   -3.3587   -3.3587   -3.3587   -3.3587
   -3.5324   -3.5324   -3.5324   -3.5324   -3.5324   -3.5324   -3.5324   -3.5324
   -3.4619   -3.4619   -3.4619   -3.4619   -3.4619   -3.4619   -3.4619   -3.4619
   -3.4104   -3.4104   -3.4104   -3.4104   -3.4104   -3.4104   -3.4104   -3.4104
   -3.3987   -3.3987   -3.3987   -3.3987   -3.3987   -3.3987   -3.3987   -3.3987
   -3.5081   -3.5081   -3.5081   -3.5081   -3.5081   -3.5081   -3.5081   -3.5081
   -3.4468   -3.4468   -3.4468   -3.4468   -3.4468   -3.4468   -3.4468   -3.4468
   -3.4182   -3.4182   -3.4182   -3.4182   -3.4182   -3.4182   -3.4182   -3.4182
   -3.4223   -3.4223   -3.4223   -3.4223   -3.4223   -3.4223   -3.4223   -3.4223
   -3.4886   -3.4886   -3.4886   -3.4886   -3.4886   -3.4886   -3.4886   -3.4886
   -3.4394   -3.4394   -3.4394   -3.4394   -3.4394   -3.4394   -3.4394   -3.4394
   -3.4259   -3.4259   -3.4259   -3.4259   -3.4259   -3.4259   -3.4259   -3.4259
   -3.4353   -3.4353   -3.4353   -3.4353   -3.4353   -3.4353   -3.4353   -3.4353
   -3.4740   -3.4740   -3.4740   -3.4740   -3.4740   -3.4740   -3.4740   -3.4740
   -3.4367   -3.4367   -3.4367   -3.4367   -3.4367   -3.4367   -3.4367   -3.4367
   -3.4324   -3.4324   -3.4324   -3.4324   -3.4324   -3.4324   -3.4324   -3.4324
   -3.4421   -3.4421   -3.4421   -3.4421   -3.4421   -3.4421   -3.4421   -3.4421
   -3.4634   -3.4634   -3.4634   -3.4634   -3.4634   -3.4634   -3.4634   -3.4634
   -3.4365   -3.4365   -3.4365   -3.4365   -3.4365   -3.4365   -3.4365   -3.4365
   -3.4371   -3.4371   -3.4371   -3.4371   -3.4371   -3.4371   -3.4371   -3.4371
   -3.4452   -3.4452   -3.4452   -3.4452   -3.4452   -3.4452   -3.4452   -3.4452
   -3.4562   -3.4562   -3.4562   -3.4562   -3.4562   -3.4562   -3.4562   -3.4562
   -3.4375   -3.4375   -3.4375   -3.4375   -3.4375   -3.4375   -3.4375   -3.4375
   -3.4404   -3.4404   -3.4404   -3.4404   -3.4404   -3.4404   -3.4404   -3.4404
   -3.4463   -3.4463   -3.4463   -3.4463   -3.4463   -3.4463   -3.4463   -3.4463
   -3.4514   -3.4514   -3.4514   -3.4514   -3.4514   -3.4514   -3.4514   -3.4514
   -3.4389   -3.4389   -3.4389   -3.4389   -3.4389   -3.4389   -3.4389   -3.4389
   -3.4425   -3.4425   -3.4425   -3.4425   -3.4425   -3.4425   -3.4425   -3.4425
   -3.4464   -3.4464   -3.4464   -3.4464   -3.4464   -3.4464   -3.4464   -3.4464

  Columns 25 through 31

  -89.5000  -89.5000  -89.5000  -89.5000  -89.5000  -89.5000  -89.5000
         0         0         0         0         0         0         0
         0         0         0         0         0         0         0
  -10.0795  -10.0795  -10.0795  -10.0795  -10.0795  -10.0795  -10.0795
  -16.6405  -16.6405  -16.6405  -16.6405  -16.6405  -16.6405  -16.6405
         0         0         0         0         0         0         0
   -3.3876   -3.3876   -3.3876   -3.3876   -3.3876   -3.3876   -3.3876
   -8.8723   -8.8723   -8.8723   -8.8723   -8.8723   -8.8723   -8.8723
   -0.5788   -0.5788   -0.5788   -0.5788   -0.5788   -0.5788   -0.5788
   -1.4665   -1.4665   -1.4665   -1.4665   -1.4665   -1.4665   -1.4665
   -4.0446   -4.0446   -4.0446   -4.0446   -4.0446   -4.0446   -4.0446
   -6.7135   -6.7135   -6.7135   -6.7135   -6.7135   -6.7135   -6.7135
   -1.0772   -1.0772   -1.0772   -1.0772   -1.0772   -1.0772   -1.0772
   -2.4321   -2.4321   -2.4321   -2.4321   -2.4321   -2.4321   -2.4321
   -4.2043   -4.2043   -4.2043   -4.2043   -4.2043   -4.2043   -4.2043
   -5.3216   -5.3216   -5.3216   -5.3216   -5.3216   -5.3216   -5.3216
   -1.6216   -1.6216   -1.6216   -1.6216   -1.6216   -1.6216   -1.6216
   -3.0241   -3.0241   -3.0241   -3.0241   -3.0241   -3.0241   -3.0241
   -4.1371   -4.1371   -4.1371   -4.1371   -4.1371   -4.1371   -4.1371
   -4.4591   -4.4591   -4.4591   -4.4591   -4.4591   -4.4591   -4.4591
   -2.1130   -2.1130   -2.1130   -2.1130   -2.1130   -2.1130   -2.1130
   -3.3579   -3.3579   -3.3579   -3.3579   -3.3579   -3.3579   -3.3579
   -3.9897   -3.9897   -3.9897   -3.9897   -3.9897   -3.9897   -3.9897
   -3.9478   -3.9478   -3.9478   -3.9478   -3.9478   -3.9478   -3.9478
   -2.5135   -2.5135   -2.5135   -2.5135   -2.5135   -2.5135   -2.5135
   -3.5249   -3.5249   -3.5249   -3.5249   -3.5249   -3.5249   -3.5249
   -3.8349   -3.8349   -3.8349   -3.8349   -3.8349   -3.8349   -3.8349
   -3.6603   -3.6603   -3.6603   -3.6603   -3.6603   -3.6603   -3.6603
   -2.8186   -2.8186   -2.8186   -2.8186   -2.8186   -2.8186   -2.8186
   -3.5915   -3.5915   -3.5915   -3.5915   -3.5915   -3.5915   -3.5915
   -3.7034   -3.7034   -3.7034   -3.7034   -3.7034   -3.7034   -3.7034
   -3.5095   -3.5095   -3.5095   -3.5095   -3.5095   -3.5095   -3.5095
   -3.0393   -3.0393   -3.0393   -3.0393   -3.0393   -3.0393   -3.0393
   -3.6024   -3.6024   -3.6024   -3.6024   -3.6024   -3.6024   -3.6024
   -3.6038   -3.6038   -3.6038   -3.6038   -3.6038   -3.6038   -3.6038
   -3.4384   -3.4384   -3.4384   -3.4384   -3.4384   -3.4384   -3.4384
   -3.1920   -3.1920   -3.1920   -3.1920   -3.1920   -3.1920   -3.1920
   -3.5863   -3.5863   -3.5863   -3.5863   -3.5863   -3.5863   -3.5863
   -3.5344   -3.5344   -3.5344   -3.5344   -3.5344   -3.5344   -3.5344
   -3.4110   -3.4110   -3.4110   -3.4110   -3.4110   -3.4110   -3.4110
   -3.2937   -3.2937   -3.2937   -3.2937   -3.2937   -3.2937   -3.2937
   -3.5599   -3.5599   -3.5599   -3.5599   -3.5599   -3.5599   -3.5599
   -3.4892   -3.4892   -3.4892   -3.4892   -3.4892   -3.4892   -3.4892
   -3.4058   -3.4058   -3.4058   -3.4058   -3.4058   -3.4058   -3.4058
   -3.3587   -3.3587   -3.3587   -3.3587   -3.3587   -3.3587   -3.3587
   -3.5324   -3.5324   -3.5324   -3.5324   -3.5324   -3.5324   -3.5324
   -3.4619   -3.4619   -3.4619   -3.4619   -3.4619   -3.4619   -3.4619
   -3.4104   -3.4104   -3.4104   -3.4104   -3.4104   -3.4104   -3.4104
   -3.3987   -3.3987   -3.3987   -3.3987   -3.3987   -3.3987   -3.3987
   -3.5081   -3.5081   -3.5081   -3.5081   -3.5081   -3.5081   -3.5081
   -3.4468   -3.4468   -3.4468   -3.4468   -3.4468   -3.4468   -3.4468
   -3.4182   -3.4182   -3.4182   -3.4182   -3.4182   -3.4182   -3.4182
   -3.4223   -3.4223   -3.4223   -3.4223   -3.4223   -3.4223   -3.4223
   -3.4886   -3.4886   -3.4886   -3.4886   -3.4886   -3.4886   -3.4886
   -3.4394   -3.4394   -3.4394   -3.4394   -3.4394   -3.4394   -3.4394
   -3.4259   -3.4259   -3.4259   -3.4259   -3.4259   -3.4259   -3.4259
   -3.4353   -3.4353   -3.4353   -3.4353   -3.4353   -3.4353   -3.4353
   -3.4740   -3.4740   -3.4740   -3.4740   -3.4740   -3.4740   -3.4740
   -3.4367   -3.4367   -3.4367   -3.4367   -3.4367   -3.4367   -3.4367
   -3.4324   -3.4324   -3.4324   -3.4324   -3.4324   -3.4324   -3.4324
   -3.4421   -3.4421   -3.4421   -3.4421   -3.4421   -3.4421   -3.4421
   -3.4634   -3.4634   -3.4634   -3.4634   -3.4634   -3.4634   -3.4634
   -3.4365   -3.4365   -3.4365   -3.4365   -3.4365   -3.4365   -3.4365
   -3.4371   -3.4371   -3.4371   -3.4371   -3.4371   -3.4371   -3.4371
   -3.4452   -3.4452   -3.4452   -3.4452   -3.4452   -3.4452   -3.4452
   -3.4562   -3.4562   -3.4562   -3.4562   -3.4562   -3.4562   -3.4562
   -3.4375   -3.4375   -3.4375   -3.4375   -3.4375   -3.4375   -3.4375
   -3.4404   -3.4404   -3.4404   -3.4404   -3.4404   -3.4404   -3.4404
   -3.4463   -3.4463   -3.4463   -3.4463   -3.4463   -3.4463   -3.4463
   -3.4514   -3.4514   -3.4514   -3.4514   -3.4514   -3.4514   -3.4514
   -3.4389   -3.4389   -3.4389   -3.4389   -3.4389   -3.4389   -3.4389
   -3.4425   -3.4425   -3.4425   -3.4425   -3.4425   -3.4425   -3.4425
   -3.4464   -3.4464   -3.4464   -3.4464   -3.4464   -3.4464   -3.4464

J-value : 
  Columns 1 through 8

         0  -45.0000  -85.5000 -121.9500 -154.7550 -175.0000 -175.0000 -175.0000
   40.5000  -36.4500  -89.5000  -89.5000  -89.5000  -89.5000  -89.5000  -89.5000
   53.0500  -32.0000  -45.0000  -45.0000  -45.0000  -45.0000  -45.0000  -45.0000
   13.0000  -35.1950  -66.8705  -76.9500  -76.9500  -76.9500  -76.9500  -76.9500
   31.6755  -37.0129  -78.4890  -95.1295  -95.1295  -95.1295  -95.1295  -95.1295
   41.4760  -33.9836  -64.8355  -64.8355  -64.8355  -64.8355  -64.8355  -64.8355
   30.8520  -34.3688  -65.3008  -68.6884  -68.6884  -68.6884  -68.6884  -68.6884
   30.9320  -35.3847  -69.9750  -78.8472  -78.8472  -78.8472  -78.8472  -78.8472
   34.5902  -34.9093  -73.5142  -74.0931  -74.0931  -74.0931  -74.0931  -74.0931
   38.6049  -34.1896  -65.4290  -66.8955  -66.8955  -66.8955  -66.8955  -66.8955
   31.2395  -34.5966  -66.9214  -70.9661  -70.9661  -70.9661  -70.9661  -70.9661
   32.3248  -35.1839  -70.1256  -76.8391  -76.8391  -76.8391  -76.8391  -76.8391
   34.9417  -34.7550  -71.4724  -72.5496  -72.5496  -72.5496  -72.5496  -72.5496
   36.7174  -34.3586  -66.1539  -68.5859  -68.5859  -68.5859  -68.5859  -68.5859
   31.7953  -34.7129  -67.9244  -72.1287  -72.1287  -72.1287  -72.1287  -72.1287
   33.2116  -35.0280  -69.9587  -75.2803  -75.2803  -75.2803  -75.2803  -75.2803
   34.9307  -34.6830  -70.2081  -71.8297  -71.8297  -71.8297  -71.8297  -71.8297
   35.5251  -34.4861  -66.8371  -69.8612  -69.8612  -69.8612  -69.8612  -69.8612
   32.3510  -34.7638  -68.5007  -72.6377  -72.6377  -72.6377  -72.6377  -72.6377
   33.7369  -34.9148  -69.6892  -74.1483  -74.1483  -74.1483  -74.1483  -74.1483
   34.7744  -34.6574  -69.4609  -71.5739  -71.5739  -71.5739  -71.5739  -71.5739
   34.8035  -34.5765  -67.4068  -70.7647  -70.7647  -70.7647  -70.7647  -70.7647
   32.8303  -34.7790  -68.7999  -72.7897  -72.7897  -72.7897  -72.7897  -72.7897
   34.0210  -34.8370  -69.4219  -73.3697  -73.3697  -73.3697  -73.3697  -73.3697
   34.5850  -34.6557  -69.0436  -71.5571  -71.5571  -71.5571  -71.5571  -71.5571
   34.3879  -34.6371  -67.8465  -71.3715  -71.3715  -71.3715  -71.3715  -71.3715
   33.2094  -34.7766  -68.9307  -72.7656  -72.7656  -72.7656  -72.7656  -72.7656
   34.1541  -34.7860  -69.1997  -72.8600  -72.8600  -72.8600  -72.8600  -72.8600
   34.4137  -34.6646  -68.8276  -71.6462  -71.6462  -71.6462  -71.6462  -71.6462
   34.1630  -34.6759  -68.1672  -71.7587  -71.7587  -71.7587  -71.7587  -71.7587
   33.4914  -34.7670  -68.9664  -72.6698  -72.6698  -72.6698  -72.6698  -72.6698
   34.1994  -34.7542  -69.0328  -72.5423  -72.5423  -72.5423  -72.5423  -72.5423
   34.2786  -34.6768  -68.7285  -71.7678  -71.7678  -71.7678  -71.7678  -71.7678
   34.0518  -34.6993  -68.3904  -71.9929  -71.9929  -71.9929  -71.9929  -71.9929
   33.6912  -34.7558  -68.9539  -72.5578  -72.5578  -72.5578  -72.5578  -72.5578
   34.1982  -34.7355  -68.9165  -72.3549  -72.3549  -72.3549  -72.3549  -72.3549
   34.1811  -34.6885  -68.6933  -71.8853  -71.8853  -71.8853  -71.8853  -71.8853
   34.0047  -34.7126  -68.5394  -72.1257  -72.1257  -72.1257  -72.1257  -72.1257
   33.8268  -34.7456  -68.9215  -72.4558  -72.4558  -72.4558  -72.4558  -72.4558
   34.1759  -34.7252  -68.8407  -72.2517  -72.2517  -72.2517  -72.2517  -72.2517
   34.1155  -34.6983  -68.6898  -71.9835  -71.9835  -71.9835  -71.9835  -71.9835
   33.9914  -34.7195  -68.6349  -72.1947  -72.1947  -72.1947  -72.1947  -72.1947
   33.9154  -34.7374  -68.8845  -72.3737  -72.3737  -72.3737  -72.3737  -72.3737
   34.1471  -34.7200  -68.7943  -72.2001  -72.2001  -72.2001  -72.2001  -72.2001
   34.0743  -34.7059  -68.6999  -72.0586  -72.0586  -72.0586  -72.0586  -72.0586
   33.9940  -34.7226  -68.6935  -72.2259  -72.2259  -72.2259  -72.2259  -72.2259
   33.9709  -34.7313  -68.8506  -72.3125  -72.3125  -72.3125  -72.3125  -72.3125
   34.1193  -34.7178  -68.7681  -72.1785  -72.1785  -72.1785  -72.1785  -72.1785
   34.0502  -34.7113  -68.7138  -72.1126  -72.1126  -72.1126  -72.1126  -72.1126
   34.0026  -34.7236  -68.7278  -72.2359  -72.2359  -72.2359  -72.2359  -72.2359
   34.0042  -34.7270  -68.8228  -72.2696  -72.2696  -72.2696  -72.2696  -72.2696
   34.0958  -34.7173  -68.7548  -72.1730  -72.1730  -72.1730  -72.1730  -72.1730
   34.0375  -34.7149  -68.7271  -72.1494  -72.1494  -72.1494  -72.1494  -72.1494
   34.0122  -34.7235  -68.7468  -72.2354  -72.2354  -72.2354  -72.2354  -72.2354
   34.0232  -34.7241  -68.8016  -72.2411  -72.2411  -72.2411  -72.2411  -72.2411
   34.0775  -34.7175  -68.7492  -72.1752  -72.1752  -72.1752  -72.1752  -72.1752
   34.0317  -34.7173  -68.7379  -72.1733  -72.1733  -72.1733  -72.1733  -72.1733
   34.0206  -34.7230  -68.7564  -72.2303  -72.2303  -72.2303  -72.2303  -72.2303
   34.0333  -34.7223  -68.7863  -72.2230  -72.2230  -72.2230  -72.2230  -72.2230
   34.0640  -34.7180  -68.7480  -72.1804  -72.1804  -72.1804  -72.1804  -72.1804
   34.0300  -34.7188  -68.7459  -72.1880  -72.1880  -72.1880  -72.1880  -72.1880
   34.0271  -34.7224  -68.7607  -72.2241  -72.2241  -72.2241  -72.2241  -72.2241
   34.0382  -34.7212  -68.7757  -72.2122  -72.2122  -72.2122  -72.2122  -72.2122
   34.0545  -34.7186  -68.7489  -72.1860  -72.1860  -72.1860  -72.1860  -72.1860
   34.0303  -34.7197  -68.7514  -72.1966  -72.1966  -72.1966  -72.1966  -72.1966
   34.0318  -34.7218  -68.7621  -72.2183  -72.2183  -72.2183  -72.2183  -72.2183
   34.0402  -34.7206  -68.7687  -72.2062  -72.2062  -72.2062  -72.2062  -72.2062
   34.0481  -34.7191  -68.7507  -72.1911  -72.1911  -72.1911  -72.1911  -72.1911
   34.0316  -34.7201  -68.7550  -72.2013  -72.2013  -72.2013  -72.2013  -72.2013
   34.0348  -34.7213  -68.7621  -72.2135  -72.2135  -72.2135  -72.2135  -72.2135
   34.0407  -34.7203  -68.7642  -72.2031  -72.2031  -72.2031  -72.2031  -72.2031
   34.0439  -34.7195  -68.7525  -72.1951  -72.1951  -72.1951  -72.1951  -72.1951
   34.0330  -34.7204  -68.7571  -72.2035  -72.2035  -72.2035  -72.2035  -72.2035

  Columns 9 through 16

 -175.0000 -175.0000 -175.0000 -175.0000 -175.0000 -175.0000 -175.0000 -175.0000
  -89.5000  -89.5000  -89.5000  -89.5000  -89.5000  -89.5000  -89.5000  -89.5000
  -45.0000  -45.0000  -45.0000  -45.0000  -45.0000  -45.0000  -45.0000  -45.0000
  -76.9500  -76.9500  -76.9500  -76.9500  -76.9500  -76.9500  -76.9500  -76.9500
  -95.1295  -95.1295  -95.1295  -95.1295  -95.1295  -95.1295  -95.1295  -95.1295
  -64.8355  -64.8355  -64.8355  -64.8355  -64.8355  -64.8355  -64.8355  -64.8355
  -68.6884  -68.6884  -68.6884  -68.6884  -68.6884  -68.6884  -68.6884  -68.6884
  -78.8472  -78.8472  -78.8472  -78.8472  -78.8472  -78.8472  -78.8472  -78.8472
  -74.0931  -74.0931  -74.0931  -74.0931  -74.0931  -74.0931  -74.0931  -74.0931
  -66.8955  -66.8955  -66.8955  -66.8955  -66.8955  -66.8955  -66.8955  -66.8955
  -70.9661  -70.9661  -70.9661  -70.9661  -70.9661  -70.9661  -70.9661  -70.9661
  -76.8391  -76.8391  -76.8391  -76.8391  -76.8391  -76.8391  -76.8391  -76.8391
  -72.5496  -72.5496  -72.5496  -72.5496  -72.5496  -72.5496  -72.5496  -72.5496
  -68.5859  -68.5859  -68.5859  -68.5859  -68.5859  -68.5859  -68.5859  -68.5859
  -72.1287  -72.1287  -72.1287  -72.1287  -72.1287  -72.1287  -72.1287  -72.1287
  -75.2803  -75.2803  -75.2803  -75.2803  -75.2803  -75.2803  -75.2803  -75.2803
  -71.8297  -71.8297  -71.8297  -71.8297  -71.8297  -71.8297  -71.8297  -71.8297
  -69.8612  -69.8612  -69.8612  -69.8612  -69.8612  -69.8612  -69.8612  -69.8612
  -72.6377  -72.6377  -72.6377  -72.6377  -72.6377  -72.6377  -72.6377  -72.6377
  -74.1483  -74.1483  -74.1483  -74.1483  -74.1483  -74.1483  -74.1483  -74.1483
  -71.5739  -71.5739  -71.5739  -71.5739  -71.5739  -71.5739  -71.5739  -71.5739
  -70.7647  -70.7647  -70.7647  -70.7647  -70.7647  -70.7647  -70.7647  -70.7647
  -72.7897  -72.7897  -72.7897  -72.7897  -72.7897  -72.7897  -72.7897  -72.7897
  -73.3697  -73.3697  -73.3697  -73.3697  -73.3697  -73.3697  -73.3697  -73.3697
  -71.5571  -71.5571  -71.5571  -71.5571  -71.5571  -71.5571  -71.5571  -71.5571
  -71.3715  -71.3715  -71.3715  -71.3715  -71.3715  -71.3715  -71.3715  -71.3715
  -72.7656  -72.7656  -72.7656  -72.7656  -72.7656  -72.7656  -72.7656  -72.7656
  -72.8600  -72.8600  -72.8600  -72.8600  -72.8600  -72.8600  -72.8600  -72.8600
  -71.6462  -71.6462  -71.6462  -71.6462  -71.6462  -71.6462  -71.6462  -71.6462
  -71.7587  -71.7587  -71.7587  -71.7587  -71.7587  -71.7587  -71.7587  -71.7587
  -72.6698  -72.6698  -72.6698  -72.6698  -72.6698  -72.6698  -72.6698  -72.6698
  -72.5423  -72.5423  -72.5423  -72.5423  -72.5423  -72.5423  -72.5423  -72.5423
  -71.7678  -71.7678  -71.7678  -71.7678  -71.7678  -71.7678  -71.7678  -71.7678
  -71.9929  -71.9929  -71.9929  -71.9929  -71.9929  -71.9929  -71.9929  -71.9929
  -72.5578  -72.5578  -72.5578  -72.5578  -72.5578  -72.5578  -72.5578  -72.5578
  -72.3549  -72.3549  -72.3549  -72.3549  -72.3549  -72.3549  -72.3549  -72.3549
  -71.8853  -71.8853  -71.8853  -71.8853  -71.8853  -71.8853  -71.8853  -71.8853
  -72.1257  -72.1257  -72.1257  -72.1257  -72.1257  -72.1257  -72.1257  -72.1257
  -72.4558  -72.4558  -72.4558  -72.4558  -72.4558  -72.4558  -72.4558  -72.4558
  -72.2517  -72.2517  -72.2517  -72.2517  -72.2517  -72.2517  -72.2517  -72.2517
  -71.9835  -71.9835  -71.9835  -71.9835  -71.9835  -71.9835  -71.9835  -71.9835
  -72.1947  -72.1947  -72.1947  -72.1947  -72.1947  -72.1947  -72.1947  -72.1947
  -72.3737  -72.3737  -72.3737  -72.3737  -72.3737  -72.3737  -72.3737  -72.3737
  -72.2001  -72.2001  -72.2001  -72.2001  -72.2001  -72.2001  -72.2001  -72.2001
  -72.0586  -72.0586  -72.0586  -72.0586  -72.0586  -72.0586  -72.0586  -72.0586
  -72.2259  -72.2259  -72.2259  -72.2259  -72.2259  -72.2259  -72.2259  -72.2259
  -72.3125  -72.3125  -72.3125  -72.3125  -72.3125  -72.3125  -72.3125  -72.3125
  -72.1785  -72.1785  -72.1785  -72.1785  -72.1785  -72.1785  -72.1785  -72.1785
  -72.1126  -72.1126  -72.1126  -72.1126  -72.1126  -72.1126  -72.1126  -72.1126
  -72.2359  -72.2359  -72.2359  -72.2359  -72.2359  -72.2359  -72.2359  -72.2359
  -72.2696  -72.2696  -72.2696  -72.2696  -72.2696  -72.2696  -72.2696  -72.2696
  -72.1730  -72.1730  -72.1730  -72.1730  -72.1730  -72.1730  -72.1730  -72.1730
  -72.1494  -72.1494  -72.1494  -72.1494  -72.1494  -72.1494  -72.1494  -72.1494
  -72.2354  -72.2354  -72.2354  -72.2354  -72.2354  -72.2354  -72.2354  -72.2354
  -72.2411  -72.2411  -72.2411  -72.2411  -72.2411  -72.2411  -72.2411  -72.2411
  -72.1752  -72.1752  -72.1752  -72.1752  -72.1752  -72.1752  -72.1752  -72.1752
  -72.1733  -72.1733  -72.1733  -72.1733  -72.1733  -72.1733  -72.1733  -72.1733
  -72.2303  -72.2303  -72.2303  -72.2303  -72.2303  -72.2303  -72.2303  -72.2303
  -72.2230  -72.2230  -72.2230  -72.2230  -72.2230  -72.2230  -72.2230  -72.2230
  -72.1804  -72.1804  -72.1804  -72.1804  -72.1804  -72.1804  -72.1804  -72.1804
  -72.1880  -72.1880  -72.1880  -72.1880  -72.1880  -72.1880  -72.1880  -72.1880
  -72.2241  -72.2241  -72.2241  -72.2241  -72.2241  -72.2241  -72.2241  -72.2241
  -72.2122  -72.2122  -72.2122  -72.2122  -72.2122  -72.2122  -72.2122  -72.2122
  -72.1860  -72.1860  -72.1860  -72.1860  -72.1860  -72.1860  -72.1860  -72.1860
  -72.1966  -72.1966  -72.1966  -72.1966  -72.1966  -72.1966  -72.1966  -72.1966
  -72.2183  -72.2183  -72.2183  -72.2183  -72.2183  -72.2183  -72.2183  -72.2183
  -72.2062  -72.2062  -72.2062  -72.2062  -72.2062  -72.2062  -72.2062  -72.2062
  -72.1911  -72.1911  -72.1911  -72.1911  -72.1911  -72.1911  -72.1911  -72.1911
  -72.2013  -72.2013  -72.2013  -72.2013  -72.2013  -72.2013  -72.2013  -72.2013
  -72.2135  -72.2135  -72.2135  -72.2135  -72.2135  -72.2135  -72.2135  -72.2135
  -72.2031  -72.2031  -72.2031  -72.2031  -72.2031  -72.2031  -72.2031  -72.2031
  -72.1951  -72.1951  -72.1951  -72.1951  -72.1951  -72.1951  -72.1951  -72.1951
  -72.2035  -72.2035  -72.2035  -72.2035  -72.2035  -72.2035  -72.2035  -72.2035

  Columns 17 through 24

 -175.0000 -175.0000 -175.0000 -175.0000 -175.0000 -175.0000 -175.0000 -175.0000
  -89.5000  -89.5000  -89.5000  -89.5000  -89.5000  -89.5000  -89.5000  -89.5000
  -45.0000  -45.0000  -45.0000  -45.0000  -45.0000  -45.0000  -45.0000  -45.0000
  -76.9500  -76.9500  -76.9500  -76.9500  -76.9500  -76.9500  -76.9500  -76.9500
  -95.1295  -95.1295  -95.1295  -95.1295  -95.1295  -95.1295  -95.1295  -95.1295
  -64.8355  -64.8355  -64.8355  -64.8355  -64.8355  -64.8355  -64.8355  -64.8355
  -68.6884  -68.6884  -68.6884  -68.6884  -68.6884  -68.6884  -68.6884  -68.6884
  -78.8472  -78.8472  -78.8472  -78.8472  -78.8472  -78.8472  -78.8472  -78.8472
  -74.0931  -74.0931  -74.0931  -74.0931  -74.0931  -74.0931  -74.0931  -74.0931
  -66.8955  -66.8955  -66.8955  -66.8955  -66.8955  -66.8955  -66.8955  -66.8955
  -70.9661  -70.9661  -70.9661  -70.9661  -70.9661  -70.9661  -70.9661  -70.9661
  -76.8391  -76.8391  -76.8391  -76.8391  -76.8391  -76.8391  -76.8391  -76.8391
  -72.5496  -72.5496  -72.5496  -72.5496  -72.5496  -72.5496  -72.5496  -72.5496
  -68.5859  -68.5859  -68.5859  -68.5859  -68.5859  -68.5859  -68.5859  -68.5859
  -72.1287  -72.1287  -72.1287  -72.1287  -72.1287  -72.1287  -72.1287  -72.1287
  -75.2803  -75.2803  -75.2803  -75.2803  -75.2803  -75.2803  -75.2803  -75.2803
  -71.8297  -71.8297  -71.8297  -71.8297  -71.8297  -71.8297  -71.8297  -71.8297
  -69.8612  -69.8612  -69.8612  -69.8612  -69.8612  -69.8612  -69.8612  -69.8612
  -72.6377  -72.6377  -72.6377  -72.6377  -72.6377  -72.6377  -72.6377  -72.6377
  -74.1483  -74.1483  -74.1483  -74.1483  -74.1483  -74.1483  -74.1483  -74.1483
  -71.5739  -71.5739  -71.5739  -71.5739  -71.5739  -71.5739  -71.5739  -71.5739
  -70.7647  -70.7647  -70.7647  -70.7647  -70.7647  -70.7647  -70.7647  -70.7647
  -72.7897  -72.7897  -72.7897  -72.7897  -72.7897  -72.7897  -72.7897  -72.7897
  -73.3697  -73.3697  -73.3697  -73.3697  -73.3697  -73.3697  -73.3697  -73.3697
  -71.5571  -71.5571  -71.5571  -71.5571  -71.5571  -71.5571  -71.5571  -71.5571
  -71.3715  -71.3715  -71.3715  -71.3715  -71.3715  -71.3715  -71.3715  -71.3715
  -72.7656  -72.7656  -72.7656  -72.7656  -72.7656  -72.7656  -72.7656  -72.7656
  -72.8600  -72.8600  -72.8600  -72.8600  -72.8600  -72.8600  -72.8600  -72.8600
  -71.6462  -71.6462  -71.6462  -71.6462  -71.6462  -71.6462  -71.6462  -71.6462
  -71.7587  -71.7587  -71.7587  -71.7587  -71.7587  -71.7587  -71.7587  -71.7587
  -72.6698  -72.6698  -72.6698  -72.6698  -72.6698  -72.6698  -72.6698  -72.6698
  -72.5423  -72.5423  -72.5423  -72.5423  -72.5423  -72.5423  -72.5423  -72.5423
  -71.7678  -71.7678  -71.7678  -71.7678  -71.7678  -71.7678  -71.7678  -71.7678
  -71.9929  -71.9929  -71.9929  -71.9929  -71.9929  -71.9929  -71.9929  -71.9929
  -72.5578  -72.5578  -72.5578  -72.5578  -72.5578  -72.5578  -72.5578  -72.5578
  -72.3549  -72.3549  -72.3549  -72.3549  -72.3549  -72.3549  -72.3549  -72.3549
  -71.8853  -71.8853  -71.8853  -71.8853  -71.8853  -71.8853  -71.8853  -71.8853
  -72.1257  -72.1257  -72.1257  -72.1257  -72.1257  -72.1257  -72.1257  -72.1257
  -72.4558  -72.4558  -72.4558  -72.4558  -72.4558  -72.4558  -72.4558  -72.4558
  -72.2517  -72.2517  -72.2517  -72.2517  -72.2517  -72.2517  -72.2517  -72.2517
  -71.9835  -71.9835  -71.9835  -71.9835  -71.9835  -71.9835  -71.9835  -71.9835
  -72.1947  -72.1947  -72.1947  -72.1947  -72.1947  -72.1947  -72.1947  -72.1947
  -72.3737  -72.3737  -72.3737  -72.3737  -72.3737  -72.3737  -72.3737  -72.3737
  -72.2001  -72.2001  -72.2001  -72.2001  -72.2001  -72.2001  -72.2001  -72.2001
  -72.0586  -72.0586  -72.0586  -72.0586  -72.0586  -72.0586  -72.0586  -72.0586
  -72.2259  -72.2259  -72.2259  -72.2259  -72.2259  -72.2259  -72.2259  -72.2259
  -72.3125  -72.3125  -72.3125  -72.3125  -72.3125  -72.3125  -72.3125  -72.3125
  -72.1785  -72.1785  -72.1785  -72.1785  -72.1785  -72.1785  -72.1785  -72.1785
  -72.1126  -72.1126  -72.1126  -72.1126  -72.1126  -72.1126  -72.1126  -72.1126
  -72.2359  -72.2359  -72.2359  -72.2359  -72.2359  -72.2359  -72.2359  -72.2359
  -72.2696  -72.2696  -72.2696  -72.2696  -72.2696  -72.2696  -72.2696  -72.2696
  -72.1730  -72.1730  -72.1730  -72.1730  -72.1730  -72.1730  -72.1730  -72.1730
  -72.1494  -72.1494  -72.1494  -72.1494  -72.1494  -72.1494  -72.1494  -72.1494
  -72.2354  -72.2354  -72.2354  -72.2354  -72.2354  -72.2354  -72.2354  -72.2354
  -72.2411  -72.2411  -72.2411  -72.2411  -72.2411  -72.2411  -72.2411  -72.2411
  -72.1752  -72.1752  -72.1752  -72.1752  -72.1752  -72.1752  -72.1752  -72.1752
  -72.1733  -72.1733  -72.1733  -72.1733  -72.1733  -72.1733  -72.1733  -72.1733
  -72.2303  -72.2303  -72.2303  -72.2303  -72.2303  -72.2303  -72.2303  -72.2303
  -72.2230  -72.2230  -72.2230  -72.2230  -72.2230  -72.2230  -72.2230  -72.2230
  -72.1804  -72.1804  -72.1804  -72.1804  -72.1804  -72.1804  -72.1804  -72.1804
  -72.1880  -72.1880  -72.1880  -72.1880  -72.1880  -72.1880  -72.1880  -72.1880
  -72.2241  -72.2241  -72.2241  -72.2241  -72.2241  -72.2241  -72.2241  -72.2241
  -72.2122  -72.2122  -72.2122  -72.2122  -72.2122  -72.2122  -72.2122  -72.2122
  -72.1860  -72.1860  -72.1860  -72.1860  -72.1860  -72.1860  -72.1860  -72.1860
  -72.1966  -72.1966  -72.1966  -72.1966  -72.1966  -72.1966  -72.1966  -72.1966
  -72.2183  -72.2183  -72.2183  -72.2183  -72.2183  -72.2183  -72.2183  -72.2183
  -72.2062  -72.2062  -72.2062  -72.2062  -72.2062  -72.2062  -72.2062  -72.2062
  -72.1911  -72.1911  -72.1911  -72.1911  -72.1911  -72.1911  -72.1911  -72.1911
  -72.2013  -72.2013  -72.2013  -72.2013  -72.2013  -72.2013  -72.2013  -72.2013
  -72.2135  -72.2135  -72.2135  -72.2135  -72.2135  -72.2135  -72.2135  -72.2135
  -72.2031  -72.2031  -72.2031  -72.2031  -72.2031  -72.2031  -72.2031  -72.2031
  -72.1951  -72.1951  -72.1951  -72.1951  -72.1951  -72.1951  -72.1951  -72.1951
  -72.2035  -72.2035  -72.2035  -72.2035  -72.2035  -72.2035  -72.2035  -72.2035

  Columns 25 through 31

 -175.0000 -175.0000 -175.0000 -175.0000 -175.0000 -175.0000 -175.0000
  -89.5000  -89.5000  -89.5000  -89.5000  -89.5000  -89.5000  -89.5000
  -45.0000  -45.0000  -45.0000  -45.0000  -45.0000  -45.0000  -45.0000
  -76.9500  -76.9500  -76.9500  -76.9500  -76.9500  -76.9500  -76.9500
  -95.1295  -95.1295  -95.1295  -95.1295  -95.1295  -95.1295  -95.1295
  -64.8355  -64.8355  -64.8355  -64.8355  -64.8355  -64.8355  -64.8355
  -68.6884  -68.6884  -68.6884  -68.6884  -68.6884  -68.6884  -68.6884
  -78.8472  -78.8472  -78.8472  -78.8472  -78.8472  -78.8472  -78.8472
  -74.0931  -74.0931  -74.0931  -74.0931  -74.0931  -74.0931  -74.0931
  -66.8955  -66.8955  -66.8955  -66.8955  -66.8955  -66.8955  -66.8955
  -70.9661  -70.9661  -70.9661  -70.9661  -70.9661  -70.9661  -70.9661
  -76.8391  -76.8391  -76.8391  -76.8391  -76.8391  -76.8391  -76.8391
  -72.5496  -72.5496  -72.5496  -72.5496  -72.5496  -72.5496  -72.5496
  -68.5859  -68.5859  -68.5859  -68.5859  -68.5859  -68.5859  -68.5859
  -72.1287  -72.1287  -72.1287  -72.1287  -72.1287  -72.1287  -72.1287
  -75.2803  -75.2803  -75.2803  -75.2803  -75.2803  -75.2803  -75.2803
  -71.8297  -71.8297  -71.8297  -71.8297  -71.8297  -71.8297  -71.8297
  -69.8612  -69.8612  -69.8612  -69.8612  -69.8612  -69.8612  -69.8612
  -72.6377  -72.6377  -72.6377  -72.6377  -72.6377  -72.6377  -72.6377
  -74.1483  -74.1483  -74.1483  -74.1483  -74.1483  -74.1483  -74.1483
  -71.5739  -71.5739  -71.5739  -71.5739  -71.5739  -71.5739  -71.5739
  -70.7647  -70.7647  -70.7647  -70.7647  -70.7647  -70.7647  -70.7647
  -72.7897  -72.7897  -72.7897  -72.7897  -72.7897  -72.7897  -72.7897
  -73.3697  -73.3697  -73.3697  -73.3697  -73.3697  -73.3697  -73.3697
  -71.5571  -71.5571  -71.5571  -71.5571  -71.5571  -71.5571  -71.5571
  -71.3715  -71.3715  -71.3715  -71.3715  -71.3715  -71.3715  -71.3715
  -72.7656  -72.7656  -72.7656  -72.7656  -72.7656  -72.7656  -72.7656
  -72.8600  -72.8600  -72.8600  -72.8600  -72.8600  -72.8600  -72.8600
  -71.6462  -71.6462  -71.6462  -71.6462  -71.6462  -71.6462  -71.6462
  -71.7587  -71.7587  -71.7587  -71.7587  -71.7587  -71.7587  -71.7587
  -72.6698  -72.6698  -72.6698  -72.6698  -72.6698  -72.6698  -72.6698
  -72.5423  -72.5423  -72.5423  -72.5423  -72.5423  -72.5423  -72.5423
  -71.7678  -71.7678  -71.7678  -71.7678  -71.7678  -71.7678  -71.7678
  -71.9929  -71.9929  -71.9929  -71.9929  -71.9929  -71.9929  -71.9929
  -72.5578  -72.5578  -72.5578  -72.5578  -72.5578  -72.5578  -72.5578
  -72.3549  -72.3549  -72.3549  -72.3549  -72.3549  -72.3549  -72.3549
  -71.8853  -71.8853  -71.8853  -71.8853  -71.8853  -71.8853  -71.8853
  -72.1257 